2009,04,03,236253,937
2009,04,04,237195,942
2009,04,05,238476,1281
2009,04,06,239444,968
2009,04,07,240551,1107
2009,04,08,241327,776
2009,04,09,241989,662
2009,04,10,242375,386
2009,04,11,243329,954
2009,04,12,244066,737
2009,04,13,244573,507
2009,04,14,245587,1014
2009,04,15,246226,639
2009,04,16,246912,686
2009,04,17,247555,643
2009,04,18,248198,643
2009,04,19,248854,656
2009,04,20,249553,699
2009,04,21,250279,726
2009,04,22,251674,1395
2009,04,23,252872,1198
2009,04,24,253649,777
2009,04,25,254366,717
2009,04,27,255465,1099
2009,05,01,257088,1623
2009,05,02,257772,684
2009,05,03,258532,760
2009,05,04,259275,743
2009,05,06,258669,-606
2009,05,08,259642,973
2009,05,10,260238,596
2009,05,11,261176,938
2009,05,12,261893,717
2009,05,13,262662,769
2009,05,14,265191,2529
2009,05,15,264050,-1141
2009,05,16,264924,874
2009,05,17,265503,579
2009,05,18,266212,709
2009,05,19,266912,700
2009,05,20,267619,707
2009,05,21,268319,700
2009,05,22,269047,728
2009,05,23,269706,659
2009,05,24,270357,651
2009,05,25,271450,1093
2009,05,26,275255,3805
2009,05,27,272703,-2552
2009,05,28,274298,1595
2009,05,29,274000,-298
2009,05,30,274730,730
2009,05,31,275451,721
2009,06,01,276286,835
2009,06,02,277016,730
2009,06,03,277757,741
2009,06,04,278557,800
2009,06,05,277306,-1251
2009,06,06,279857,2551
2009,06,07,280729,872
2009,06,08,281328,599
2009,06,09,282179,851
2009,06,10,282860,681
2009,06,11,283493,633
2009,06,12,284186,693
2009,06,13,284927,741
2009,06,14,285861,934
2009,06,15,286893,1032
2009,06,16,287583,690
2009,06,17,288268,685
2009,06,18,288936,668
2009,06,19,289768,832
2009,06,20,290356,588
2009,06,21,291019,663
2009,06,22,291569,550
2009,06,23,292210,641
2009,06,24,292735,525
2009,06,25,303053,10318
2009,06,26,294137,-8916
2009,06,27,294784,647
2009,06,28,295447,663
2009,06,29,296286,839
2009,06,30,297056,770
2009,07,01,297659,603
2009,07,02,298423,764
2009,07,03,299030,607
2009,07,04,299733,703
2009,07,05,300489,756
2009,07,06,301134,645
2009,07,07,301894,760
2009,07,08,302390,496
2009,07,09,303098,708
2009,07,10,303799,701
2009,07,11,304364,565
2009,07,12,305056,692
2009,07,13,305739,683
2009,07,14,306513,774
2009,07,15,307150,637
2009,07,16,307716,566
2009,07,17,308292,576
2009,07,18,308954,662
2009,07,19,309813,859
2009,07,20,310464,651
2009,07,21,311128,664
2009,07,22,311929,801
2009,07,23,312641,712
2009,07,24,169760,-142881
2009,07,25,314005,144245
2009,07,26,314641,636
2009,07,27,315308,667
2009,07,28,316045,737
2009,07,29,316730,685
2009,07,30,317540,810
2009,07,31,318321,781
2009,08,01,319080,759
2009,08,02,319764,684
2009,08,03,320482,718
2009,08,04,321254,772
2009,08,05,322025,771
2009,08,06,322838,813
2009,08,07,323609,771
2009,08,08,324390,781
2009,08,09,325112,722
2009,08,10,325782,670
2009,08,11,326414,632
2009,08,12,327250,836
2009,08,13,327986,736
2009,08,14,328727,741
2009,08,15,329661,934
2009,08,16,330426,765
2009,08,17,331136,710
2009,08,18,331899,763
2009,08,19,332527,628
2009,08,20,333252,725
2009,08,21,334127,875
2009,08,22,334725,598
2009,08,23,335461,736
2009,08,24,336224,763
2009,08,25,336949,725
2009,08,26,337766,817
2009,08,27,338556,790
2009,08,28,339212,656
2009,08,29,339879,667
2009,08,30,340701,822
2009,08,31,341494,793
2009,09,01,342372,878
2009,09,02,343203,831
2009,09,03,343975,772
2009,09,04,344811,836
2009,09,05,345711,900
2009,09,06,346359,648
2009,09,07,347252,893
2009,09,08,347543,291
2009,09,09,347843,300
2009,09,10,349229,1386
2009,09,11,350117,888
2009,09,12,351106,989
2009,09,13,351933,827
2009,09,14,352450,517
2009,09,15,353314,864
2009,09,16,354267,953
2009,09,17,355238,971
2009,09,18,356214,976
2009,09,19,356723,509
2009,09,20,357600,877
2009,09,21,358511,911
2009,09,22,359382,871
2009,09,23,360016,634
2009,09,24,360682,666
2009,09,25,361553,871
2009,09,26,362115,562
2009,09,27,363255,1140
2009,09,28,363957,702
2009,09,29,364789,832
2009,09,30,365712,923
2009,10,01,366403,691
2009,10,02,367405,1002
2009,10,03,368071,666
2009,10,04,368720,649
2009,10,05,369537,817
2009,10,06,370733,1196
2009,10,07,371323,590
2009,10,08,372158,835
2009,10,09,372823,665
2009,10,10,373672,849
2009,10,11,374418,746
2009,10,12,375280,862
2009,10,13,376140,860
2009,10,14,377240,1100
2009,10,15,377956,716
2009,10,16,378441,485
2009,10,17,379167,726
2009,10,18,379757,590
2009,10,19,379052,-705
2009,10,20,381608,2556
2009,10,22,382962,1354
2009,10,23,383481,519
2009,10,24,383498,17
2009,10,25,384465,967
2009,10,26,385019,554
2009,10,27,385958,939
2009,10,29,385709,-249
2009,10,30,386855,1146
2009,10,31,387454,599
2009,11,01,388567,1113
2009,11,02,389162,595
2009,11,03,390142,980
2009,11,04,390542,400
2009,11,05,392105,1563
2009,11,06,393490,1385
2009,11,07,394284,794
2009,11,08,394874,590
2009,11,09,395166,292
2009,11,10,396575,1409
2009,11,11,397103,528
2009,11,12,398072,969
2009,11,13,398698,626
2009,11,14,399456,758
2009,11,15,400144,688
2009,11,16,400812,668
2009,11,17,401700,888
2009,11,18,402616,916
2009,11,21,403756,1140
2009,11,22,404828,1072
2009,11,23,405976,1148
2009,11,24,406944,968
2009,11,25,407807,863
2009,11,26,408538,731
2009,11,27,409405,867
2009,11,28,410369,964
2009,11,29,410995,626
2009,11,30,411868,873
2009,12,01,412533,665
2009,12,02,413542,1009
2009,12,03,414298,756
2009,12,04,415264,966
2009,12,05,416226,962
2009,12,06,417204,978
2009,12,07,418376,1172
2009,12,08,419576,1200
2009,12,10,420555,979
2009,12,11,422635,2080
2009,12,12,423538,903
2009,12,13,424671,1133
2009,12,14,425569,898
2009,12,15,426664,1095
2009,12,16,427966,1302
2009,12,17,428966,1000
2009,12,18,430295,1329
2009,12,19,431594,1299
2009,12,20,432861,1267
2009,12,21,434497,1636
2009,12,22,435884,1387
2009,12,23,437040,1156
2009,12,24,438009,969
2009,12,25,439403,1394
2009,12,26,440890,1487
2009,12,27,442099,1209
2009,12,29,444246,2147
2009,12,30,445754,1508
2009,12,31,443624,-2130
2010,01,01,447719,4095
2010,01,02,448774,1055
2010,01,03,449801,1027
2010,01,04,451223,1422
2010,01,05,452456,1233
2010,01,06,453638,1182
2010,01,07,455047,1409
2010,01,08,456748,1701
2010,01,09,458522,1774
2010,01,10,459874,1352
2010,01,11,461456,1582
2010,01,12,462953,1497
2010,01,13,464516,1563
2010,01,14,466198,1682
2010,01,15,467589,1391
2010,01,16,469093,1504
2010,01,17,470705,1612
2010,01,18,472081,1376
2010,01,19,473514,1433
2010,01,20,474581,1067
2010,01,21,476166,1585
2010,01,22,477155,989
2010,01,23,478585,1430
2010,01,24,480799,2214
2010,01,25,482506,1707
2010,01,26,483620,1114
2010,01,27,485366,1746
2010,01,28,486888,1522
2010,01,29,488375,1487
2010,01,31,490682,2307
2010,02,01,492951,2269
2010,02,02,494225,1274
2010,02,03,495852,1627
2010,02,04,495144,-708
2010,02,05,498701,3557
2010,02,06,501126,2425
2010,02,07,503197,2071
2010,02,08,502495,-702
2010,02,09,504007,1512
2010,02,10,506867,2860
2010,02,11,507396,529
2010,02,12,509211,1815
2010,02,13,510788,1577
2010,02,14,512626,1838
2010,02,15,514177,1551
2010,02,16,515886,1709
2010,02,17,517103,1217
2010,02,18,522141,5038
2010,02,19,523823,1682
2010,02,20,525341,1518
2010,02,21,527002,1661
2010,02,22,528524,1522
2010,02,23,530227,1703
2010,02,24,531661,1434
2010,02,25,533564,1903
2010,02,26,534824,1260
2010,02,27,536114,1290
2010,02,28,538394,2280
2010,03,01,539251,857
2010,03,02,540619,1368
2010,03,03,541348,729
2010,03,04,543921,2573
2010,03,05,545477,1556
2010,03,06,547461,1984
2010,03,07,549352,1891
2010,03,08,550878,1526
2010,03,09,552251,1373
2010,03,10,553587,1336
2010,03,11,556199,2612
2010,03,12,557614,1415
2010,03,13,559492,1878
2010,03,14,561203,1711
2010,03,15,562832,1629
2010,03,16,564004,1172
2010,03,17,565904,1900
2010,03,18,567751,1847
2010,03,19,569474,1723
2010,03,20,571266,1792
2010,03,21,572624,1358
2010,03,22,574213,1589
2010,03,23,576145,1932
2010,03,24,577952,1807
2010,03,25,579768,1816
2010,03,26,581702,1934
2010,03,27,582989,1287
2010,03,28,585090,2101
2010,03,29,586814,1724
2010,03,30,586343,-471
2010,03,31,587798,1455
2010,04,01,592032,4234
2010,04,02,593256,1224
2010,04,03,595440,2184
2010,04,04,597101,1661
2010,04,05,598970,1869
2010,04,06,601002,2032
2010,04,07,602620,1618
2010,04,08,603637,1017
2010,04,09,605736,2099
2010,04,10,606024,288
2010,04,11,607405,1381
2010,04,12,609505,2100
2010,04,13,611751,2246
2010,04,14,612040,289
2010,04,15,613720,1680
2010,04,16,615520,1800
2010,04,17,617300,1780
2010,04,18,620230,2930
2010,04,19,622254,2024
2010,04,20,624021,1767
2010,04,21,625777,1756
2010,04,22,627418,1641
2010,04,23,629102,1684
2010,04,24,630792,1690
2010,04,25,628302,-2490
2010,04,26,630027,1725
2010,04,27,631594,1567
2010,04,28,641247,9653
2010,04,29,634902,-6345
2010,04,30,636445,1543
2010,05,01,637833,1388
2010,05,02,646812,8979
2010,05,03,648443,1631
2010,05,04,649866,1423
2010,05,05,651425,1559
2010,05,06,652965,1540
2010,05,07,654617,1652
2010,05,08,656200,1583
2010,05,09,651075,-5125
2010,05,10,652675,1600
2010,05,11,653994,1319
2010,05,12,655159,1165
2010,05,13,656275,1116
2010,05,14,657577,1302
2010,05,15,654952,-2625
2010,05,16,655959,1007
2010,05,17,657289,1330
2010,05,18,659000,1711
2010,05,19,660749,1749
2010,05,20,663260,2511
2010,05,21,664538,1278
2010,05,22,665612,1074
2010,05,23,667569,1957
2010,05,24,669041,1472
2010,05,25,670157,1116
2010,05,26,671413,1256
2010,05,27,672587,1174
2010,05,28,673669,1082
2010,05,29,674633,964
2010,05,30,678149,3516
2010,05,31,679057,908
2010,06,01,680034,977
2010,06,02,680950,916
2010,06,03,681891,941
2010,06,04,682967,1076
2010,06,05,684143,1176
2010,06,06,685089,946
2010,06,07,686483,1394
2010,06,08,688558,2075
2010,06,09,692485,3927
2010,06,10,693003,518
2010,06,11,693777,774
2010,06,12,693777,0
2010,06,13,723186,29409
2010,06,14,754950,31764
2010,06,15,786727,31777
2010,06,16,816750,30023
2010,06,17,820397,3647
2010,06,18,822803,2406
2010,06,19,825562,2759
2010,06,20,827925,2363
2010,06,21,830510,2585
2010,06,22,842171,11661
2010,06,23,845184,3013
2010,06,24,845184,0
2010,06,25,870803,25619
2010,06,26,879965,9162
2010,06,27,889122,9157
2010,06,28,899799,10677
2010,06,29,910004,10205
2010,06,30,925138,15134
2010,07,01,936613,11475
2010,07,02,955166,18553
2010,07,03,975959,20793
2010,07,04,996423,20464
2010,07,05,1021438,25015
2010,07,06,1046698,25260
2010,07,07,1068677,21979
2010,07,08,1090219,21542
2010,07,09,1098463,8244
2010,07,10,1101368,2905
2010,07,11,1103602,2234
2010,07,12,1106164,2562
2010,07,13,1108853,2689
2010,07,14,1111451,2598
2010,07,15,1135896,24445
2010,07,16,1143249,7353
2010,07,17,1156903,13654
2010,07,18,1174598,17695
2010,07,19,1192616,18018
2010,07,20,1209453,16837
2010,07,21,1223327,13874
2010,07,22,1237364,14037
2010,07,23,1252648,15284
2010,07,24,1267181,14533
2010,07,25,1281734,14553
2010,07,26,1294473,12739
2010,07,27,1306823,12350
2010,07,28,1320496,13673
2010,07,29,1334554,14058
2010,07,30,1348811,14257
2010,07,31,1361450,12639
2010,08,01,1372175,10725
2010,08,02,1387951,15776
2010,08,03,1413765,25814
2010,08,04,1429217,15452
2010,08,05,1438781,9564
2010,08,06,1452994,14213
2010,08,07,1465130,12136
2010,08,08,1478085,12955
2010,08,09,1489523,11438
2010,08,10,1502839,13316
2010,08,11,1523915,21076
2010,08,12,1536568,12653
2010,08,13,1549189,12621
2010,08,14,1568398,19209
2010,08,15,1588400,20002
2010,08,16,1609371,20971
2010,08,17,1616464,7093
2010,08,18,1622715,6251
2010,08,19,1629241,6526
2010,08,20,1635298,6057
2010,08,21,1640519,5221
2010,08,22,1646890,6371
2010,08,23,1653079,6189
2010,08,24,1658799,5720
2010,08,25,1665579,6780
2010,08,26,1669920,4341
2010,08,27,1674485,4565
2010,08,28,1680815,6330
2010,08,29,1687668,6853
2010,08,30,1694896,7228
2010,08,31,1701893,6997
2010,09,01,1708857,6964
2010,09,02,1715425,6568
2010,09,03,1721606,6181
2010,09,04,1728228,6622
2010,09,05,1734493,6265
2010,09,06,1740158,5665
2010,09,07,1745967,5809
2010,09,08,1751646,5679
2010,09,09,1756739,5093
2010,09,10,1764941,8202
2010,09,11,1790867,25926
2010,09,12,1814776,23909
2010,09,13,1830748,15972
2010,09,14,1844536,13788
2010,09,15,1855205,10669
2010,09,16,1865421,10216
2010,09,17,1871532,6111
2010,09,18,1881790,10258
2010,09,19,1889207,7417
2010,09,20,1895944,6737
2010,09,21,1902187,6243
2010,09,22,1911595,9408
2010,09,23,1919799,8204
2010,09,24,1939494,19695
2010,09,25,1962954,23460
2010,09,26,1985001,22047
2010,09,27,2003973,18972
2010,09,28,2022708,18735
2010,09,29,2040825,18117
2010,09,30,2059369,18544
2010,10,01,2079022,19653
2010,10,02,2098495,19473
2010,10,03,2118333,19838
2010,10,04,2137119,18786
2010,10,05,2161295,24176
2010,10,06,2195284,33989
2010,10,07,2224310,29026
2010,10,08,2251070,26760
2010,10,09,2281177,30107
2010,10,10,2311441,30264
2010,10,11,2337243,25802
2010,10,12,2372426,35183
2010,10,13,2407960,35534
2010,10,14,2442211,34251
2010,10,15,2474525,32314
2010,10,16,2508073,33548
2010,10,17,2540003,31930
2010,10,18,2572907,32904
2010,10,19,2596744,23837
2010,10,20,2617968,21224
2010,10,21,2636270,18302
2010,10,22,2654737,18467
2010,10,23,2678071,23334
2010,10,24,2701862,23791
2010,10,25,2725150,23288
2010,10,26,2750073,24923
2010,10,27,2777338,27265
2010,10,28,2805115,27777
2010,10,29,2835170,30055
2010,10,30,2866059,30889
2010,10,31,2896936,30877
2010,11,01,2925085,28149
2010,11,02,2950297,25212
2010,11,03,2977216,26919
2010,11,04,3002936,25720
2010,11,05,3024471,21535
2010,11,06,3047017,22546
2010,11,07,3069388,22371
2010,11,08,3089895,20507
2010,11,09,3112672,22777
2010,11,10,3134908,22236
2010,11,11,3175755,40847
2010,11,12,3209650,33895
2010,11,13,3244680,35030
2010,11,14,3289410,44730
2010,11,15,3340505,51095
2010,11,16,3396808,56303
2010,11,17,3465128,68320
2010,11,18,3497039,31911
2010,11,19,3531291,34252
2010,11,20,3572278,40987
2010,11,21,3613092,40814
2010,11,22,3647945,34853
2010,11,23,3675734,27789
2010,11,24,3700591,24857
2010,11,25,3723734,23143
2010,11,26,3744334,20600
2010,11,27,3762887,18553
2010,11,28,3778725,15838
2010,11,29,3793072,14347
2010,11,30,3810623,17551
2010,12,01,3831379,20756
2010,12,02,3858127,26748
2010,12,03,3885719,27592
2010,12,04,3914700,28981
2010,12,05,3935606,20906
2010,12,06,3953182,17576
2010,12,07,3970167,16985
2010,12,08,3981533,11366
2010,12,09,3991518,9985
2010,12,10,3999996,8478
2010,12,11,4011938,11942
2010,12,12,4025388,13450
2010,12,13,4038914,13526
2010,12,14,4050388,11474
2010,12,15,4065018,14630
2010,12,16,4077517,12499
2010,12,17,4088108,10591
2010,12,18,4099832,11724
2010,12,19,4109550,9718
2010,12,20,4119536,9986
2010,12,21,4127498,7962
2010,12,22,4133139,5641
2010,12,23,4139566,6427
2010,12,24,4148290,8724
2010,12,25,4156559,8269
2010,12,26,4165442,8883
2010,12,27,4175697,10255
2010,12,28,4188962,13265
2010,12,29,4204120,15158
2010,12,30,4214205,10085
2010,12,31,4223176,8971
2011,01,01,4231120,7944
2011,01,02,4240083,8963
2011,01,03,4249680,9597
2011,01,04,4257750,8070
2011,01,05,4266566,8816
2011,01,06,4275452,8886
2011,01,07,4284216,8764
2011,01,08,4291752,7536
2011,01,09,4298514,6762
2011,01,10,4304419,5905
2011,01,11,4310297,5878
2011,01,12,4315225,4928
2011,01,13,4321987,6762
2011,01,14,4328704,6717
2011,01,15,4336984,8280
2011,01,16,4344636,7652
2011,01,17,4352328,7692
2011,01,18,4359982,7654
2011,01,19,4366158,6176
2011,01,20,4372387,6229
2011,01,21,4377848,5461
2011,01,22,4383643,5795
2011,01,23,4389693,6050
2011,01,24,4397709,8016
2011,01,25,4412047,14338
2011,01,26,4415572,3525
2011,01,27,4420482,4910
2011,01,28,4423807,3325
2011,01,29,4427103,3296
2011,01,30,4429666,2563
2011,01,31,4431728,2062
2011,02,01,4435011,3283
2011,02,02,4439972,4961
2011,02,03,4444193,4221
2011,02,04,4448819,4626
2011,02,05,4454290,5471
2011,02,06,4459459,5169
2011,02,07,4463845,4386
2011,02,08,4470100,6255
2011,02,09,4474646,4546
2011,02,10,4478577,3931
2011,02,11,4483269,4692
2011,02,12,4488496,5227
2011,02,13,4493489,4993
2011,02,14,4497224,3735
2011,02,15,4502147,4923
2011,02,16,4506041,3894
2011,02,17,4509830,3789
2011,02,18,4515487,5657
2011,02,19,4520786,5299
2011,02,20,4525495,4709
2011,02,21,4529667,4172
2011,02,22,4533921,4254
2011,02,23,4537826,3905
2011,02,24,4542208,4382
2011,02,25,4547326,5118
2011,02,26,4553493,6167
2011,02,27,4558472,4979
2011,02,28,4563316,4844
2011,03,01,4568906,5590
2011,03,02,4574289,5383
2011,03,03,4581997,7708
2011,03,04,4590012,8015
2011,03,05,4595134,5122
2011,03,06,4599617,4483
2011,03,07,4604318,4701
2011,03,08,4609553,5235
2011,03,09,4617425,7872
2011,03,10,4623583,6158
2011,03,11,4628788,5205
2011,03,12,4634077,5289
2011,03,13,4637921,3844
2011,03,14,4642397,4476
2011,03,15,4648033,5636
2011,03,16,4662854,14821
2011,03,17,4710845,47991
2011,03,18,4757477,46632
2011,03,19,4806819,49342
2011,03,20,4844582,37763
2011,03,21,4876906,32324
2011,03,22,4896004,19098
2011,03,23,4914512,18508
2011,03,24,4930958,16446
2011,03,25,4941973,11015
2011,03,26,4943112,1139
2011,03,27,4944884,1772
2011,03,28,4946204,1320
2011,03,29,4946040,-164
2011,03,30,4947232,1192
2011,03,31,4949755,2523
2011,04,01,4962292,12537
2011,04,02,4979140,16848
2011,04,03,4996361,17221
2011,04,04,5009932,13571
2011,04,05,5022886,12954
2011,04,06,5031470,8584
2011,04,07,5040352,8882
2011,04,08,5047257,6905
2011,04,09,5054528,7271
2011,04,10,5061560,7032
2011,04,11,5070767,9207
2011,04,12,5085045,14278
2011,04,13,5104761,19716
2011,04,14,5122750,17989
2011,04,15,5137487,14737
2011,04,16,5151145,13658
2011,04,17,5163466,12321
2011,04,18,5175690,12224
2011,04,19,5186932,11242
2011,04,20,5198248,11316
2011,04,21,5209199,10951
2011,04,22,5226808,17609
2011,04,23,5242691,15883
2011,04,24,5269707,27016
2011,04,25,5290121,20414
2011,04,26,5308528,18407
2011,04,27,5315291,6763
2011,04,28,5333091,17800
2011,04,29,5351463,18372
2011,04,30,5366848,15385
2011,05,01,5378079,11231
2011,05,02,5390028,11949
2011,05,03,5401634,11606
2011,05,04,5411094,9460
2011,05,05,5420939,9845
2011,05,06,5430737,9798
2011,05,07,5439831,9094
2011,05,08,5447039,7208
2011,05,09,5452189,5150
2011,05,10,5458420,6231
2011,05,11,5465125,6705
2011,05,12,5473673,8548
2011,05,13,5482503,8830
2011,05,14,5488758,6255
2011,05,15,5495440,6682
2011,05,16,5501084,5644
2011,05,17,5507911,6827
2011,05,18,5514340,6429
2011,05,19,5525731,11391
2011,05,20,5541134,15403
2011,05,21,5559492,18358
2011,05,22,5575349,15857
2011,05,23,5589535,14186
2011,05,24,5603125,13590
2011,05,25,5613975,10850
2011,05,26,5641883,27908
2011,05,27,5665544,23661
2011,05,28,5691101,25557
2011,05,29,5709128,18027
2011,05,30,5724368,15240
2011,05,31,5737352,12984
2011,06,01,5749865,12513
2011,06,02,5762312,12447
2011,06,03,5773064,10752
2011,06,04,5783710,10646
2011,06,05,5794199,10489
2011,06,06,5805932,11733
2011,06,07,5817874,11942
2011,06,08,5828681,10807
2011,06,09,5839005,10324
2011,06,10,5850896,11891
2011,06,11,5862842,11946
2011,06,12,5874576,11734
2011,06,13,5887339,12763
2011,06,14,5897627,10288
2011,06,15,5906609,8982
2011,06,16,5915274,8665
2011,06,17,5923813,8539
2011,06,18,5933540,9727
2011,06,19,5942648,9108
2011,06,20,5953040,10392
2011,06,21,5961611,8571
2011,06,22,5971180,9569
2011,06,23,5979493,8313
2011,06,24,5986901,7408
2011,06,25,5993914,7013
2011,06,26,6001080,7166
2011,06,27,6008198,7118
2011,06,28,6014814,6616
2011,06,29,6020614,5800
2011,06,30,6026905,6291
2011,07,01,6033357,6452
2011,07,02,6040370,7013
2011,07,03,6047498,7128
2011,07,04,6055047,7549
2011,07,05,6061638,6591
2011,07,06,6069662,8024
2011,07,07,6076702,7040
2011,07,08,6083447,6745
2011,07,09,6090101,6654
2011,07,10,6097052,6951
2011,07,11,6104392,7340
2011,07,12,6111972,7580
2011,07,13,6118723,6751
2011,07,14,6125207,6484
2011,07,15,6131158,5951
2011,07,16,6137433,6275
2011,07,17,6143622,6189
2011,07,18,6149868,6246
2011,07,19,6156425,6557
2011,07,20,6163236,6811
2011,07,21,6169583,6347
2011,07,22,6176065,6482
2011,07,23,6182450,6385
2011,07,24,6189117,6667
2011,07,25,6195625,6508
2011,07,26,6202202,6577
2011,07,27,6208854,6652
2011,07,28,6214353,5499
2011,07,29,6219084,4731
2011,07,30,6223560,4476
2011,07,31,6227770,4210
2011,08,01,6232232,4462
2011,08,02,6236404,4172
2011,08,03,6241430,5026
2011,08,04,6247207,5777
2011,08,05,6252526,5319
2011,08,06,6257973,5447
2011,08,07,6263362,5389
2011,08,08,6268669,5307
2011,08,09,6273875,5206
2011,08,10,6279380,5505
2011,08,11,6284233,4853
2011,08,12,6291991,7758
2011,08,13,6300284,8293
2011,08,14,6309208,8924
2011,08,15,6318668,9460
2011,08,16,6326202,7534
2011,08,17,6331922,5720
2011,08,18,6338601,6679
2011,08,19,6344909,6308
2011,08,20,6351485,6576
2011,08,21,6358324,6839
2011,08,22,6364605,6281
2011,08,23,6369880,5275
2011,08,24,6375146,5266
2011,08,25,6380286,5140
2011,08,26,6385578,5292
2011,08,27,6390618,5040
2011,08,28,6394450,3832
2011,08,29,6400190,5740
2011,08,30,6404747,4557
2011,08,31,6408894,4147
2011,09,01,6413354,4460
2011,09,02,6417864,4510
2011,09,03,6422313,4449
2011,09,04,6426800,4487
2011,09,05,6431558,4758
2011,09,06,6436133,4575
2011,09,07,6440311,4178
2011,09,08,6445516,5205
2011,09,09,6450927,5411
2011,09,10,6456347,5420
2011,09,11,6461694,5347
2011,09,12,6466709,5015
2011,09,13,6471979,5270
2011,09,14,6477807,5828
2011,09,15,6483544,5737
2011,09,16,6488774,5230
2011,09,17,6494809,6035
2011,09,18,6499860,5051
2011,09,19,6504348,4488
2011,09,20,6508905,4557
2011,09,21,6512517,3612
2011,09,22,6515399,2882
2011,09,23,6519633,4234
2011,09,24,6523106,3473
2011,09,25,6527076,3970
2011,09,26,6531221,4145
2011,09,27,6534454,3233
2011,09,28,6537008,2554
2011,09,29,6539883,2875
2011,09,30,6542266,2383
2011,10,01,6545205,2939
2011,10,02,6548475,3270
2011,10,03,6552202,3727
2011,10,04,6555373,3171
2011,10,05,6558969,3596
2011,10,06,6563688,4719
2011,10,07,6568673,4985
2011,10,08,6574742,6069
2011,10,09,6580092,5350
2011,10,10,6585487,5395
2011,10,11,6591169,5682
2011,10,12,6597219,6050
2011,10,13,6602228,5009
2011,10,14,6608424,6196
2011,10,15,6616431,8007
2011,10,16,6622799,6368
2011,10,17,6628049,5250
2011,10,18,6633718,5669
2011,10,19,6639323,5605
2011,10,20,6643831,4508
2011,10,21,6647937,4106
2011,10,22,6652738,4801
2011,10,23,6658408,5670
2011,10,24,6662972,4564
2011,10,25,6666682,3710
2011,10,26,6670760,4078
2011,10,27,6675510,4750
2011,10,28,6679729,4219
2011,10,29,6683874,4145
2011,10,30,6687679,3805
2011,10,31,6692447,4768
2011,11,01,6695569,3122
2011,11,02,6699832,4263
2011,11,03,6703007,3175
2011,11,04,6706625,3618
2011,11,05,6710023,3398
2011,11,06,6715410,5387
2011,11,07,6720773,5363
2011,11,08,6725961,5188
2011,11,09,6730693,4732
2011,11,10,6735319,4626
2011,11,11,6740679,5360
2011,11,12,6745622,4943
2011,11,13,6750925,5303
2011,11,14,6755761,4836
2011,11,15,6760203,4442
2011,11,16,6765571,5368
2011,11,17,6771219,5648
2011,11,18,6776358,5139
2011,11,19,6781289,4931
2011,11,20,6785594,4305
2011,11,21,6789909,4315
2011,11,22,6793735,3826
2011,11,23,6797279,3544
2011,11,24,6800847,3568
2011,11,25,6804315,3468
2011,11,26,6808466,4151
2011,11,27,6812815,4349
2011,11,28,6817008,4193
2011,11,29,6821198,4190
2011,11,30,6825495,4297
2011,12,01,6829595,4100
2011,12,02,6833393,3798
2011,12,03,6836847,3454
2011,12,04,6840347,3500
2011,12,05,6843425,3078
2011,12,06,6847196,3771
2011,12,07,6851667,4471
2011,12,08,6856012,4345
2011,12,09,6860134,4122
2011,12,10,6863323,3189
2011,12,11,6866963,3640
2011,12,12,6870984,4021
2011,12,13,6877751,6767
2011,12,14,6884758,7007
2011,12,15,6891390,6632
2011,12,16,6897314,5924
2011,12,17,6903379,6065
2011,12,18,6908998,5619
2011,12,19,6914808,5810
2011,12,20,6921141,6333
2011,12,21,6927422,6281
2011,12,22,6934158,6736
2011,12,23,6943137,8979
2011,12,24,6950342,7205
2011,12,25,6957782,7440
2011,12,26,6965351,7569
2011,12,27,6972954,7603
2011,12,28,6980412,7458
2011,12,29,6987591,7179
2011,12,30,6994610,7019
2011,12,31,7000975,6365
2012,01,01,7006519,5544
2012,01,02,7012997,6478
2012,01,03,7022318,9321
2012,01,04,7032581,10263
2012,01,05,7042728,10147
2012,01,06,7052228,9500
2012,01,07,7065833,13605
2012,01,08,7079972,14139
2012,01,09,7094426,14454
2012,01,10,7107297,12871
2012,01,11,7121791,14494
2012,01,12,7136489,14698
2012,01,13,7151143,14654
2012,01,14,7166661,15518
2012,01,15,7181603,14942
2012,01,16,7194755,13152
2012,01,17,7207082,12327
2012,01,18,7217221,10139
2012,01,19,7228155,10934
2012,01,20,7238487,10332
2012,01,21,7260618,22131
2012,01,22,7284980,24362
2012,01,23,7307240,22260
2012,01,24,7326534,19294
2012,01,25,7345097,18563
2012,01,26,7364579,19482
2012,01,27,7393078,28499
2012,01,28,7422323,29245
2012,01,29,7453234,30911
2012,01,30,7484713,31479
2012,01,31,7520597,35884
2012,02,01,7555451,34854
2012,02,02,7593244,37793
2012,02,03,7627509,34265
2012,02,04,7662328,34819
2012,02,05,7696374,34046
2012,02,06,7727670,31296
2012,02,07,7753718,26048
2012,02,08,7774883,21165
2012,02,09,7796255,21372
2012,02,10,7818864,22609
2012,02,11,7843420,24556
2012,02,12,7867037,23617
2012,02,13,7886261,19224
2012,02,14,7906724,20463
2012,02,15,7926787,20063
2012,02,16,7948986,22199
2012,02,17,7968597,19611
2012,02,18,7994145,25548
2012,02,19,8019790,25645
2012,02,20,8051414,31624
2012,02,21,8075425,24011
2012,02,22,8101146,25721
2012,02,23,8128261,27115
2012,02,24,8156459,28198
2012,02,25,8194833,38374
2012,02,26,8301140,106307
2012,02,27,8384020,82880
2012,02,28,8491063,107043
2012,02,29,8580314,89251
2012,03,01,8660909,80595
2012,03,02,8741727,80818
2012,03,03,8850226,108499
2012,03,04,8925403,75177
2012,03,05,8974198,48795
2012,03,06,9014982,40784
2012,03,07,9072456,57474
2012,03,08,9130174,57718
2012,03,09,9187224,57050
2012,03,10,9238544,51320
2012,03,11,9283029,44485
2012,03,12,9307860,24831
2012,03,13,9331307,23447
2012,03,14,9350226,18919
2012,03,15,9368681,18455
2012,03,16,9384452,15771
2012,03,17,9399934,15482
2012,03,18,9419516,19582
2012,03,19,9427835,8319
2012,03,20,9435975,8140
2012,03,21,9445578,9603
2012,03,22,9455544,9966
2012,03,23,9467441,11897
2012,03,24,9476817,9376
2012,03,25,9484760,7943
2012,03,26,9491208,6448
2012,03,27,9497046,5838
2012,03,28,9503649,6603
2012,03,29,9512096,8447
2012,03,30,9519835,7739
2012,03,31,9527125,7290
2012,04,01,9534573,7448
2012,04,02,9540899,6326
2012,04,03,9547112,6213
2012,04,04,9552866,5754
2012,04,05,9559144,6278
2012,04,06,9565693,6549
2012,04,07,9573114,7421
2012,04,08,9582554,9440
2012,04,09,9592178,9624
2012,04,10,9601342,9164
2012,04,11,9609619,8277
2012,04,12,9618125,8506
2012,04,13,9627191,9066
2012,04,14,9642913,15722
2012,04,15,9661328,18415
2012,04,16,9674520,13192
2012,04,17,9683733,9213
2012,04,18,9692402,8669
2012,04,19,9702350,9948
2012,04,20,9711263,8913
2012,04,21,9720078,8815
2012,04,22,9728175,8097
2012,04,23,9735556,7381
2012,04,24,9744087,8531
2012,04,25,9751975,7888
2012,04,26,9760557,8582
2012,04,27,9768661,8104
2012,04,28,9776599,7938
2012,04,29,9783751,7152
2012,04,30,9790521,6770
2012,05,01,9797633,7112
2012,05,02,9804727,7094
2012,05,03,9810946,6219
2012,05,04,9817742,6796
2012,05,05,9824067,6325
2012,05,06,9830546,6479
2012,05,07,9837461,6915
2012,05,08,9844360,6899
2012,05,09,9851386,7026
2012,05,10,9859194,7808
2012,05,11,9868050,8856
2012,05,12,9876383,8333
2012,05,13,9884480,8097
2012,05,14,9895706,11226
2012,05,15,9907211,11505
2012,05,16,9919196,11985
2012,05,17,9930867,11671
2012,05,18,9941778,10911
2012,05,19,9952570,10792
2012,05,20,9963525,10955
2012,05,21,9973817,10292
2012,05,22,9984526,10709
2012,05,23,9997663,13137
2012,05,24,10011653,13990
2012,05,25,10024539,12886
2012,05,26,10037082,12543
2012,05,27,10048120,11038
2012,05,28,10059524,11404
2012,05,29,10070436,10912
2012,05,30,10080846,10410
2012,05,31,10091421,10575
2012,06,01,10101182,9761
2012,06,02,10112269,11087
2012,06,03,10123432,11163
2012,06,04,10134244,10812
2012,06,05,10145390,11146
2012,06,06,10155938,10548
2012,06,07,10165276,9338
2012,06,08,10175343,10067
2012,06,09,10186716,11373
2012,06,10,10198693,11977
2012,06,11,10209518,10825
2012,06,12,10220687,11169
2012,06,13,10231301,10614
2012,06,14,10242087,10786
2012,06,15,10252756,10669
2012,06,16,10263979,11223
2012,06,17,10274747,10768
2012,06,18,10283974,9227
2012,06,19,10293929,9955
2012,06,20,10305289,11360
2012,06,21,10317696,12407
2012,06,22,10335497,17801
2012,06,23,10347392,11895
2012,06,24,10358636,11244
2012,06,25,10369982,11346
2012,06,26,10379228,9246
2012,06,27,10389610,10382
2012,06,28,10399044,9434
2012,06,29,10408491,9447
2012,06,30,10417889,9398
2012,07,01,10427649,9760
2012,07,02,10438498,10849
2012,07,03,10449411,10913
2012,07,04,10460513,11102
2012,07,05,10470651,10138
2012,07,06,10478412,7761
2012,07,07,10488794,10382
2012,07,08,10499001,10207
2012,07,09,10510552,11551
2012,07,10,10522071,11519
2012,07,11,10532332,10261
2012,07,12,10541881,9549
2012,07,13,10552125,10244
2012,07,14,10563459,11334
2012,07,15,10574746,11287
2012,07,16,10585782,11036
2012,07,17,10597036,11254
2012,07,18,10609047,12011
2012,07,19,10623426,14379
2012,07,20,10636740,13314
2012,07,21,10649334,12594
2012,07,22,10661649,12315
2012,07,23,10673742,12093
2012,07,24,10686087,12345
2012,07,25,10699089,13002
2012,07,26,10711736,12647
2012,07,27,10724807,13071
2012,07,28,10738190,13383
2012,07,29,10751192,13002
2012,07,30,10764214,13022
2012,07,31,10776289,12075
2012,08,01,10787924,11635
2012,08,02,10799339,11415
2012,08,03,10810369,11030
2012,08,04,10821692,11323
2012,08,05,10833157,11465
2012,08,06,10844424,11267
2012,08,07,10857498,13074
2012,08,08,10870226,12728
2012,08,09,10883150,12924
2012,08,10,10897050,13900
2012,08,11,10908667,11617
2012,08,12,10921757,13090
2012,08,13,10933419,11662
2012,08,14,10947008,13589
2012,08,15,10960829,13821
2012,08,16,10971847,11018
2012,08,17,10980938,9091
2012,08,18,10987461,6523
2012,08,19,10995175,7714
2012,08,20,11003735,8560
2012,08,21,11010454,6719
2012,08,22,11019660,9206
2012,08,23,11029449,9789
2012,08,24,11038692,9243
2012,08,25,11046772,8080
2012,08,26,11055843,9071
2012,08,27,11065199,9356
2012,08,28,11074539,9340
2012,08,29,11083406,8867
2012,08,30,11092091,8685
2012,08,31,11099856,7765
2012,09,01,11108289,8433
2012,09,02,11116700,8411
2012,09,03,11124132,7432
2012,09,04,11132118,7986
2012,09,05,11138286,6168
2012,09,06,11147040,8754
2012,09,07,11155380,8340
2012,09,08,11163384,8004
2012,09,09,11171335,7951
2012,09,10,11178916,7581
2012,09,11,11187223,8307
2012,09,12,11196877,9654
2012,09,13,11206676,9799
2012,09,14,11216065,9389
2012,09,15,11225057,8992
2012,09,16,11233817,8760
2012,09,17,11240705,6888
2012,09,18,11248295,7590
2012,09,19,11255633,7338
2012,09,20,11260332,4699
2012,09,21,11265836,5504
2012,09,22,11271909,6073
2012,09,23,11277867,5958
2012,09,24,11283103,5236
2012,09,25,11287112,4009
2012,09,26,11290551,3439
2012,09,27,11294558,4007
2012,09,28,11302259,7701
2012,09,29,11308815,6556
2012,09,30,11317174,8359
2012,10,01,11322042,4868
2012,10,02,11328575,6533
2012,10,03,11337364,8789
2012,10,04,11340470,3106
2012,10,05,11359429,18959
2012,10,06,11361282,1853
2012,10,07,11378948,17666
2012,10,08,11387811,8863
2012,10,09,11391546,3735
2012,10,10,11399749,8203
2012,10,11,11408307,8558
2012,10,12,11417775,9468
2012,10,13,11428010,10235
2012,10,14,11438313,10303
2012,10,15,11447468,9155
2012,10,16,11455744,8276
2012,10,17,11463009,7265
2012,10,18,11470181,7172
2012,10,19,11477693,7512
2012,10,20,11485603,7910
2012,10,21,11494202,8599
2012,10,22,11502922,8720
2012,10,23,11511301,8379
2012,10,24,11518692,7391
2012,10,25,11525677,6985
2012,10,26,11533187,7510
2012,10,27,11540193,7006
2012,10,28,11548699,8506
2012,10,29,11557169,8470
2012,10,30,11564968,7799
2012,10,31,11572911,7943
2012,11,01,11580283,7372
2012,11,02,11586849,6566
2012,11,03,11595675,8826
2012,11,04,11604873,9198
2012,11,05,11613086,8213
2012,11,06,11621565,8479
2012,11,07,11630267,8702
2012,11,08,11639060,8793
2012,11,09,11647445,8385
2012,11,10,11656863,9418
2012,11,11,11666237,9374
2012,11,12,11674797,8560
2012,11,13,11683445,8648
2012,11,14,11693299,9854
2012,11,15,11703992,10693
2012,11,16,11713665,9673
2012,11,17,11723917,10252
2012,11,18,11734170,10253
2012,11,19,11742644,8474
2012,11,20,11750117,7473
2012,11,21,11758780,8663
2012,11,22,11772065,13285
2012,11,23,11784946,12881
2012,11,24,11798031,13085
2012,11,25,11811315,13284
2012,11,26,11823902,12587
2012,11,27,11836178,12276
2012,11,28,11848519,12341
2012,11,29,11861109,12590
2012,11,30,11874103,12994
2012,12,01,11887582,13479
2012,12,02,11900299,12717
2012,12,03,11913895,13596
2012,12,04,11927960,14065
2012,12,05,11941575,13615
2012,12,06,11955680,14105
2012,12,07,11970218,14538
2012,12,08,11983522,13304
2012,12,09,11997435,13913
2012,12,10,12009439,12004
2012,12,11,12019786,10347
2012,12,12,12030241,10455
2012,12,13,12041134,10893
2012,12,14,12053027,11893
2012,12,15,12064783,11756
2012,12,16,12076429,11646
2012,12,17,12087488,11059
2012,12,18,12098550,11062
2012,12,19,12109108,10558
2012,12,20,12118790,9682
2012,12,21,12129491,10701
2012,12,22,12139655,10164
2012,12,23,12150249,10594
2012,12,24,12160057,9808
2012,12,25,12170133,10076
2012,12,26,12180773,10640
2012,12,27,12191402,10629
2012,12,28,12201414,10012
2012,12,29,12211656,10242
2012,12,30,12221905,10249
2012,12,31,12230964,9059
2013,01,01,12238725,7761
2013,01,02,12247525,8800
2013,01,03,12256096,8571
2013,01,04,12264934,8838
2013,01,05,12274840,9906
2013,01,06,12284453,9613
2013,01,07,12292992,8539
2013,01,08,12300495,7503
2013,01,09,12308713,8218
2013,01,10,12316431,7718
2013,01,11,12324083,7652
2013,01,12,12331873,7790
2013,01,13,12339954,8081
2013,01,14,12347200,7246
2013,01,15,12355037,7837
2013,01,16,12363096,8059
2013,01,17,12371676,8580
2013,01,18,12382111,10435
2013,01,19,12393021,10910
2013,01,20,12404239,11218
2013,01,21,12414215,9976
2013,01,22,12424346,10131
2013,01,23,12433844,9498
2013,01,24,12442635,8791
2013,01,25,12451950,9315
2013,01,26,12466035,14085
2013,01,27,12478359,12324
2013,01,28,12490162,11803
2013,01,29,12501122,10960
2013,01,30,12511150,10028
2013,01,31,12521498,10348
2013,02,01,12531711,10213
2013,02,02,12542975,11264
2013,02,03,12554270,11295
2013,02,04,12563800,9530
2013,02,05,12574312,10512
2013,02,06,12586024,11712
2013,02,07,12597150,11126
2013,02,08,12611718,14568
2013,02,09,12627230,15512
2013,02,10,12641448,14218
2013,02,11,12654472,13024
2013,02,12,12668073,13601
2013,02,13,12680106,12033
2013,02,14,12689496,9390
2013,02,15,12698783,9287
2013,02,16,12708805,10022
2013,02,17,12718691,9886
2013,02,18,12728240,9549
2013,02,19,12738538,10298
2013,02,20,12748607,10069
2013,02,21,12758543,9936
2013,02,22,12768764,10221
2013,02,23,12779725,10961
2013,02,24,12791052,11327
2013,02,25,12800978,9926
2013,02,26,12810341,9363
2013,02,27,12818541,8200
2013,02,28,12826910,8369
2013,03,01,12835955,9045
2013,03,02,12845659,9704
2013,03,03,12854911,9252
2013,03,04,12863263,8352
2013,03,05,12871907,8644
2013,03,06,12878379,6472
2013,03,07,12886481,8102
2013,03,08,12894264,7783
2013,03,09,12903628,9364
2013,03,10,12912723,9095
2013,03,11,12920642,7919
2013,03,12,12925652,5010
2013,03,13,12932256,6604
2013,03,14,12944649,12393
2013,03,15,12953353,8704
2013,03,16,12962494,9141
2013,03,17,12971795,9301
2013,03,18,12980345,8550
2013,03,19,12988770,8425
2013,03,20,12998192,9422
2013,03,21,13008002,9810
2013,03,22,13016332,8330
2013,03,23,13025091,8759
2013,03,24,13033808,8717
2013,03,25,13042170,8362
2013,03,26,13050389,8219
2013,03,27,13058232,7843
2013,03,28,13066402,8170
2013,03,29,13074872,8470
2013,03,30,13082972,8100
2013,03,31,13091923,8951
2013,04,01,13100672,8749
2013,04,02,13109589,8917
2013,04,03,13119113,9524
2013,04,04,13128509,9396
2013,04,05,13138714,10205
2013,04,06,13148509,9795
2013,04,07,13157876,9367
2013,04,08,13166758,8882
2013,04,09,13175750,8992
2013,04,10,13184675,8925
2013,04,11,13192935,8260
2013,04,12,13198365,5430
2013,04,13,13203874,5509
2013,04,14,13209694,5820
2013,04,15,13215055,5361
2013,04,16,13222757,7702
2013,04,17,13230012,7255
2013,04,18,13237420,7408
2013,04,19,13244587,7167
2013,04,20,13252164,7577
2013,04,21,13260899,8735
2013,04,22,13267933,7034
2013,04,23,13275696,7763
2013,04,24,13285078,9382
2013,04,25,13303181,18103
2013,04,26,13317308,14127
2013,04,27,13327147,9839
2013,04,28,13336683,9536
2013,04,29,13345375,8692
2013,04,30,13352563,7188
2013,05,01,13360586,8023
2013,05,02,13367024,6438
2013,05,03,13374078,7054
2013,05,04,13380489,6411
2013,05,05,13385981,5492
2013,05,06,13392533,6552
2013,05,07,13399642,7109
2013,05,08,13406231,6589
2013,05,09,13412442,6211
2013,05,10,13418870,6428
2013,05,11,13425568,6698
2013,05,12,13431997,6429
2013,05,13,13438578,6581
2013,05,14,13445708,7130
2013,05,15,13451380,5672
2013,05,16,13457440,6060
2013,05,17,13463275,5835
2013,05,18,13470155,6880
2013,05,19,13476420,6265
2013,05,20,13482435,6015
2013,05,21,13489366,6931
2013,05,22,13496724,7358
2013,05,23,13502976,6252
2013,05,24,13509661,6685
2013,05,25,13516056,6395
2013,05,26,13521477,5421
2013,05,27,13529661,8184
2013,05,28,13539026,9365
2013,05,29,13545590,6564
2013,05,30,13553658,8068
2013,05,31,13563129,9471
2013,06,01,13571189,8060
2013,06,02,13578618,7429
2013,06,03,13584488,5870
2013,06,04,13592211,7723
2013,06,05,13600903,8692
2013,06,06,13609644,8741
2013,06,07,13617923,8279
2013,06,08,13625979,8056
2013,06,09,13634475,8496
2013,06,10,13641729,7254
2013,06,11,13649476,7747
2013,06,12,13657731,8255
2013,06,13,13667927,10196
2013,06,14,13678295,10368
2013,06,15,13686143,7848
2013,06,16,13703392,17249
2013,06,17,13718471,15079
2013,06,18,13732702,14231
2013,06,19,13746503,13801
2013,06,20,13759913,13410
2013,06,21,13771477,11564
2013,06,22,13784113,12636
2013,06,23,13794759,10646
2013,06,24,13804536,9777
2013,06,25,13816037,11501
2013,06,26,13826178,10141
2013,06,27,13837787,11609
2013,06,28,13849386,11599
2013,06,29,13860083,10697
2013,06,30,13869806,9723
2013,07,01,13881208,11402
2013,07,02,13893010,11802
2013,07,03,13903924,10914
2013,07,04,13912619,8695
2013,07,05,13921506,8887
2013,07,06,13932460,10954
2013,07,07,13942163,9703
2013,07,08,13954513,12350
2013,07,09,13964942,10429
2013,07,10,13972374,7432
2013,07,11,13979778,7404
2013,07,12,13987672,7894
2013,07,13,13995841,8169
2013,07,14,14003745,7904
2013,07,15,14010570,6825
2013,07,16,14017576,7006
2013,07,17,14023312,5736
2013,07,18,14029381,6069
2013,07,19,14033316,3935
2013,07,20,14037704,4388
2013,07,21,14041001,3297
2013,07,22,14044560,3559
2013,07,23,14049067,4507
2013,07,24,14053017,3950
2013,07,25,14056332,3315
2013,07,26,14059629,3297
2013,07,27,14062705,3076
2013,07,28,14066169,3464
2013,07,29,14069208,3039
2013,07,30,14072404,3196
2013,07,31,14075596,3192
2013,08,01,14079577,3981
2013,08,02,14083277,3700
2013,08,03,14086847,3570
2013,08,04,14090494,3647
2013,08,05,14094327,3833
2013,08,06,14114850,20523
2013,08,07,14154082,39232
2013,08,08,14157775,3693
2013,08,09,14161352,3577
2013,08,10,14164096,2744
2013,08,11,14167586,3490
2013,08,12,14170713,3127
2013,08,13,14174207,3494
2013,08,14,14177922,3715
2013,08,15,14181496,3574
2013,08,16,14185349,3853
2013,08,17,14189282,3933
2013,08,18,14193474,4192
2013,08,19,14199673,6199
2013,08,20,14205924,6251
2013,08,21,14212215,6291
2013,08,22,14216692,4477
2013,08,23,14221685,4993
2013,08,24,14225840,4155
2013,08,25,14230525,4685
2013,08,26,14233440,2915
2013,08,27,14237962,4522
2013,08,28,14243886,5924
2013,08,29,14251486,7600
2013,08,30,14257099,5613
2013,08,31,14262123,5024
2013,09,01,14267681,5558
2013,09,02,14272978,5297
2013,09,03,14278445,5467
2013,09,04,14284492,6047
2013,09,05,14287485,2993
2013,09,06,14292001,4516
2013,09,07,14296010,4009
2013,09,08,14299833,3823
2013,09,09,14303300,3467
2013,09,10,14308299,4999
2013,09,11,14315189,6890
2013,09,12,14321849,6660
2013,09,13,14327914,6065
2013,09,14,14333821,5907
2013,09,15,14340969,7148
2013,09,16,14346257,5288
2013,09,17,14351944,5687
2013,09,18,14358556,6612
2013,09,19,14365906,7350
2013,09,20,14371411,5505
2013,09,21,14377597,6186
2013,09,22,14383515,5918
2013,09,23,14388763,5248
2013,09,24,14396293,7530
2013,09,25,14405094,8801
2013,09,26,14411086,5992
2013,09,27,14416873,5787
2013,09,28,14423515,6642
2013,09,29,14429606,6091
2013,09,30,14434510,4904
2013,10,01,14439465,4955
2013,10,02,14444605,5140
2013,10,03,14450306,5701
2013,10,04,14456058,5752
2013,10,05,14461410,5352
2013,10,06,14467717,6307
2013,10,07,14471916,4199
2013,10,08,14477121,5205
2013,10,09,14481851,4730
2013,10,10,14487511,5660
2013,10,11,14493895,6384
2013,10,12,14499719,5824
2013,10,13,14505656,5937
2013,10,14,14511144,5488
2013,10,15,14517286,6142
2013,10,16,14523422,6136
2013,10,17,14530481,7059
2013,10,18,14538010,7529
2013,10,19,14543839,5829
2013,10,20,14549918,6079
2013,10,21,14554763,4845
2013,10,22,14560292,5529
2013,10,23,14565654,5362
2013,10,24,14571028,5374
2013,10,25,14576402,5374
2013,10,26,14581941,5539
2013,10,27,14587324,5383
2013,10,28,14592599,5275
2013,10,29,14597772,5173
2013,10,30,14602346,4574
2013,10,31,14607508,5162
2013,11,01,14612867,5359
2013,11,02,14618482,5615
2013,11,03,14624267,5785
2013,11,04,14629666,5399
2013,11,05,14634712,5046
2013,11,06,14639515,4803
2013,11,07,14644508,4993
2013,11,08,14649937,5429
2013,11,09,14655593,5656
2013,11,10,14661059,5466
2013,11,11,14666011,4952
2013,11,12,14670554,4543
2013,11,13,14677714,7160
2013,11,14,14685314,7600
2013,11,15,14692474,7160
2013,11,16,14699468,6994
2013,11,17,14706592,7124
2013,11,18,14713172,6580
2013,11,19,14719605,6433
2013,11,20,14725995,6390
2013,11,21,14732889,6894
2013,11,22,14739932,7043
2013,11,23,14747256,7324
2013,11,24,14753834,6578
2013,11,25,14759958,6124
2013,11,26,14766394,6436
2013,11,27,14772414,6020
2013,11,28,14778811,6397
2013,11,29,14786200,7389
2013,11,30,14793683,7483
2013,12,01,14800929,7246
2013,12,02,14807429,6500
2013,12,03,14814422,6993
2013,12,04,14821109,6687
2013,12,05,14828158,7049
2013,12,06,14834569,6411
2013,12,07,14841468,6899
2013,12,08,14848093,6625
2013,12,09,14854270,6177
2013,12,10,14861962,7692
2013,12,11,14869350,7388
2013,12,12,14877481,8131
2013,12,13,14884569,7088
2013,12,14,14892671,8102
2013,12,15,14901646,8975
2013,12,16,14910223,8577
2013,12,17,14918625,8402
2013,12,18,14927070,8445
2013,12,19,14935876,8806
2013,12,20,14944462,8586
2013,12,21,14953470,9008
2013,12,22,14962674,9204
2013,12,23,14971726,9052
2013,12,24,14980464,8738
2013,12,25,14988838,8374
2013,12,26,14997442,8604
2013,12,27,15007589,10147
2013,12,28,15017387,9798
2013,12,29,15027466,10079
2013,12,30,15037452,9986
2013,12,31,15046458,9006
2014,01,01,15055030,8572
2014,01,02,15064671,9641
2014,01,03,15074658,9987
2014,01,04,15084881,10223
2014,01,05,15095070,10189
2014,01,06,15104137,9067
2014,01,07,15113410,9273
2014,01,08,15122941,9531
2014,01,09,15132149,9208
2014,01,10,15141804,9655
2014,01,11,15153249,11445
2014,01,12,15165306,12057
2014,01,13,15176812,11506
2014,01,14,15188986,12174
2014,01,15,15201286,12300
2014,01,16,15213541,12255
2014,01,17,15226226,12685
2014,01,18,15238850,12624
2014,01,19,15250946,12096
2014,01,20,15261971,11025
2014,01,21,15273235,11264
2014,01,22,15283880,10645
2014,01,23,15294756,10876
2014,01,24,15305708,10952
2014,01,25,15315976,10268
2014,01,26,15327565,11589
2014,01,27,15338041,10476
2014,01,28,15348771,10730
2014,01,29,15359295,10524
2014,01,30,15370490,11195
2014,01,31,15381341,10851
2014,02,01,15392420,11079
2014,02,02,15403711,11291
2014,02,03,15414077,10366
2014,02,04,15425572,11495
2014,02,05,15436107,10535
2014,02,06,15445056,8949
2014,02,07,15453907,8851
2014,02,08,15463807,9900
2014,02,09,15473111,9304
2014,02,10,15481434,8323
2014,02,11,15489909,8475
2014,02,12,15498625,8716
2014,02,13,15507876,9251
2014,02,14,15514431,6555
2014,02,15,15522076,7645
2014,02,16,15530601,8525
2014,02,17,15538459,7858
2014,02,18,15545919,7460
2014,02,19,15553842,7923
2014,02,20,15561280,7438
2014,02,21,15569475,8195
2014,02,22,15578178,8703
2014,02,23,15586969,8791
2014,02,24,15594990,8021
2014,02,25,15603075,8085
2014,02,26,15612001,8926
2014,02,27,15621518,9517
2014,02,28,15630681,9163
2014,03,01,15640660,9979
2014,03,02,15650053,9393
2014,03,03,15658568,8515
2014,03,04,15668520,9952
2014,03,05,15676848,8328
2014,03,06,15684751,7903
2014,03,07,15694127,9376
2014,03,08,15701000,6873
2014,03,09,15707183,6183
2014,03,10,15712107,4924
2014,03,11,15717713,5606
2014,03,12,15723321,5608
2014,03,13,15730434,7113
2014,03,14,15822667,92233
2014,03,15,15922123,99456
2014,03,16,16018035,95912
2014,03,17,16125765,107730
2014,03,18,16178541,52776
2014,03,19,16190635,12094
2014,03,20,16202144,11509
2014,03,21,16217131,14987
2014,03,22,16232838,15707
2014,03,23,16246689,13851
2014,03,24,16257672,10983
2014,03,25,16268229,10557
2014,03,26,16277945,9716
2014,03,27,16286782,8837
2014,03,28,16296103,9321
2014,03,29,16305711,9608
2014,03,30,16315185,9474
2014,03,31,16323888,8703
2014,04,01,16332505,8617
2014,04,02,16340832,8327
2014,04,03,16348918,8086
2014,04,04,16357166,8248
2014,04,05,16365909,8743
2014,04,06,16374471,8562
2014,04,07,16382028,7557
2014,04,08,16390274,8246
2014,04,09,16398661,8387
2014,04,10,16407380,8719
2014,04,11,16417654,10274
2014,04,12,16429036,11382
2014,04,13,16440260,11224
2014,04,14,16451339,11079
2014,04,15,16461814,10475
2014,04,16,16473114,11300
2014,04,17,16505349,32235
2014,04,18,16560744,55395
2014,04,19,16587814,27070
2014,04,20,16602886,15072
2014,04,21,16616933,14047
2014,04,22,16633296,16363
2014,04,23,16653551,20255
2014,04,24,16668589,15038
2014,04,25,16701002,32413
2014,04,26,16725510,24508
2014,04,27,16746752,21242
2014,04,28,16767202,20450
2014,04,29,16790406,23204
2014,04,30,16811930,21524
2014,05,01,16835253,23323
2014,05,02,16857881,22628
2014,05,03,16880511,22630
2014,05,04,16901993,21482
2014,05,05,16921792,19799
2014,05,06,16941341,19549
2014,05,07,16960403,19062
2014,05,08,16976869,16466
2014,05,09,16985345,8476
2014,05,10,17001799,16454
2014,05,11,17015593,13794
2014,05,12,17028282,12689
2014,05,13,17044406,16124
2014,05,14,17074907,30501
2014,05,15,17106277,31370
2014,05,16,17134114,27837
2014,05,17,17159301,25187
2014,05,18,17185799,26498
2014,05,19,17211186,25387
2014,05,20,17233571,22385
2014,05,21,17254121,20550
2014,05,22,17274759,20638
2014,05,23,17297276,22517
2014,05,24,17319530,22254
2014,05,25,17334470,14940
2014,05,26,17346474,12004
2014,05,27,17362682,16208
2014,05,28,17381019,18337
2014,05,29,17400908,19889
2014,05,30,17419359,18451
2014,05,31,17439127,19768
2014,06,01,17456921,17794
2014,06,02,17472989,16068
2014,06,03,17488798,15809
2014,06,04,17504879,16081
2014,06,05,17516898,12019
2014,06,06,17531117,14219
2014,06,07,17545169,14052
2014,06,08,17557176,12007
2014,06,09,17570580,13404
2014,06,10,17583285,12705
2014,06,11,17595546,12261
2014,06,12,17608154,12608
2014,06,13,17620856,12702
2014,06,14,17633201,12345
2014,06,15,17644500,11299
2014,06,16,17656274,11774
2014,06,17,17665769,9495
2014,06,18,17676155,10386
2014,06,19,17687601,11446
2014,06,20,17698196,10595
2014,06,21,17708528,10332
2014,06,22,17718958,10430
2014,06,23,17730523,11565
2014,06,24,17741609,11086
2014,06,25,17751850,10241
2014,06,26,17763548,11698
2014,06,27,17775423,11875
2014,06,28,17789639,14216
2014,06,29,17801826,12187
2014,06,30,17813149,11323
2014,07,01,17825030,11881
2014,07,02,17838786,13756
2014,07,03,17851941,13155
2014,07,04,17863723,11782
2014,07,05,17876109,12386
2014,07,06,17887308,11199
2014,07,07,17898156,10848
2014,07,08,17909978,11822
2014,07,09,17917619,7641
2014,07,10,17929240,11621
2014,07,11,17942108,12868
2014,07,12,17954359,12251
2014,07,13,17965396,11037
2014,07,14,17975825,10429
2014,07,15,17986700,10875
2014,07,16,17998336,11636
2014,07,17,18009755,11419
2014,07,18,18020321,10566
2014,07,19,18032554,12233
2014,07,20,18043171,10617
2014,07,21,18054162,10991
2014,07,22,18064532,10370
2014,07,23,18075414,10882
2014,07,24,18085988,10574
2014,07,25,18096248,10260
2014,07,26,18108804,12556
2014,07,27,18118431,9627
2014,07,28,18126688,8257
2014,07,29,18135638,8950
2014,07,30,18145456,9818
2014,07,31,18153682,8226
2014,08,01,18162367,8685
2014,08,02,18171226,8859
2014,08,03,18180065,8839
2014,08,04,18189016,8951
2014,08,05,18197881,8865
2014,08,06,18207247,9366
2014,08,07,18215803,8556
2014,08,08,18224424,8621
2014,08,09,18232470,8046
2014,08,10,18241513,9043
2014,08,11,18250028,8515
2014,08,12,18258837,8809
2014,08,13,18267281,8444
2014,08,14,18276300,9019
2014,08,15,18284934,8634
2014,08,16,18292857,7923
2014,08,17,18301918,9061
2014,08,18,18311017,9099
2014,08,19,18320718,9701
2014,08,20,18331927,11209
2014,08,21,18338737,6810
2014,08,22,18345788,7051
2014,08,23,18352095,6307
2014,08,24,18358029,5934
2014,08,25,18364121,6092
2014,08,26,18371491,7370
2014,08,27,18381412,9921
2014,08,28,18391616,10204
2014,08,29,18400819,9203
2014,08,30,18410213,9394
2014,08,31,18419959,9746
2014,09,01,18429130,9171
2014,09,02,18437973,8843
2014,09,03,18447204,9231
2014,09,04,18457643,10439
2014,09,05,18468764,11121
2014,09,06,18478566,9802
2014,09,07,18486466,7900
2014,09,08,18495823,9357
2014,09,09,18501890,6067
2014,09,10,18510931,9041
2014,09,11,18520892,9961
2014,09,12,18533126,12234
2014,09,13,18543528,10402
2014,09,14,18553636,10108
2014,09,15,18562310,8674
2014,09,16,18570736,8426
2014,09,17,18579449,8713
2014,09,18,18587714,8265
2014,09,19,18599653,11939
2014,09,20,18612210,12557
2014,09,21,18621845,9635
2014,09,22,18629497,7652
2014,09,23,18637637,8140
2014,09,24,18647268,9631
2014,09,25,18655702,8434
2014,09,26,18666773,11071
2014,09,27,18677485,10712
2014,09,28,18687748,10263
2014,09,29,18697375,9627
2014,09,30,18707238,9863
2014,10,01,18716995,9757
2014,10,02,18728154,11159
2014,10,03,18738686,10532
2014,10,04,18748706,10020
2014,10,05,18758383,9677
2014,10,06,18767831,9448
2014,10,07,18776963,9132
2014,10,08,18782790,5827
2014,10,09,18790735,7945
2014,10,10,18798389,7654
2014,10,11,18806722,8333
2014,10,12,18814697,7975
2014,10,13,18822434,7737
2014,10,14,18831663,9229
2014,10,15,18840719,9056
2014,10,16,18849993,9274
2014,10,17,18859122,9129
2014,10,18,18868346,9224
2014,10,19,18876950,8604
2014,10,20,18884674,7724
2014,10,21,18892835,8161
2014,10,22,18901142,8307
2014,10,23,18909545,8403
2014,10,24,18916687,7142
2014,10,25,18925760,9073
2014,10,26,18934354,8594
2014,10,27,18941927,7573
2014,10,28,18948975,7048
2014,10,29,18957705,8730
2014,10,30,18965762,8057
2014,10,31,18973457,7695
2014,11,01,18981340,7883
2014,11,02,18989381,8041
2014,11,03,18996906,7525
2014,11,04,19004947,8041
2014,11,05,19011213,6266
2014,11,06,19015534,4321
2014,11,07,19022550,7016
2014,11,08,19029982,7432
2014,11,09,19038567,8585
2014,11,10,19046108,7541
2014,11,11,19053842,7734
2014,11,12,19062715,8873
2014,11,13,19072024,9309
2014,11,14,19082340,10316
2014,11,15,19092963,10623
2014,11,16,19103180,10217
2014,11,17,19111004,7824
2014,11,18,19123408,12404
2014,11,19,19132199,8791
2014,11,20,19141858,9659
2014,11,21,19149285,7427
2014,11,22,19156739,7454
2014,11,23,19163999,7260
2014,11,24,19172069,8070
2014,11,25,19179631,7562
2014,11,26,19186653,7022
2014,11,27,19193353,6700
2014,11,28,19200753,7400
2014,11,29,19207904,7151
2014,11,30,19215572,7668
2014,12,01,19221953,6381
2014,12,02,19228455,6502
2014,12,03,19236646,8191
2014,12,04,19242843,6197
2014,12,05,19250135,7292
2014,12,06,19257029,6894
2014,12,07,19264124,7095
2014,12,08,19267845,3721
2014,12,09,19276998,9153
2014,12,10,19283542,6544
2014,12,11,19296157,12615
2014,12,12,19311470,15313
2014,12,13,19325302,13832
2014,12,14,19338945,13643
2014,12,15,19352624,13679
2014,12,16,19361369,8745
2014,12,17,19368355,6986
2014,12,18,19377464,9109
2014,12,19,19385108,7644
2014,12,20,19391883,6775
2014,12,21,19398983,7100
2014,12,22,19405340,6357
2014,12,23,19411179,5839
2014,12,24,19417146,5967
2014,12,25,19422096,4950
2014,12,26,19429265,7169
2014,12,27,19435568,6303
2014,12,28,19442568,7000
2014,12,29,19449181,6613
2014,12,30,19455555,6374
2014,12,31,19460845,5290
2015,01,01,19464638,3793
2015,01,02,19468876,4238
2015,01,03,19473489,4613
2015,01,04,19477975,4486
2015,01,05,19482133,4158
2015,01,06,19485867,3734
2015,01,07,19491027,5160
2015,01,08,19495364,4337
2015,01,09,19499575,4211
2015,01,10,19503696,4121
2015,01,11,19508163,4467
2015,01,12,19512155,3992
2015,01,13,19516186,4031
2015,01,14,19520379,4193
2015,01,15,19524602,4223
2015,01,16,19528391,3789
2015,01,17,19533058,4667
2015,01,18,19537589,4531
2015,01,19,19541696,4107
2015,01,20,19545907,4211
2015,01,21,19549752,3845
2015,01,22,19554058,4306
2015,01,23,19557476,3418
2015,01,24,19561911,4435
2015,01,25,19565896,3985
2015,01,26,19569957,4061
2015,01,27,19573627,3670
2015,01,28,19577065,3438
2015,01,29,19581427,4362
2015,01,30,19585133,3706
2015,01,31,19588986,3853
2015,02,01,19592256,3270
2015,02,02,19595580,3324
2015,02,03,19598701,3121
2015,02,04,19601297,2596
2015,02,05,19604094,2797
2015,02,06,19607471,3377
2015,02,07,19610517,3046
2015,02,08,19613699,3182
2015,02,09,19616256,2557
2015,02,10,19619193,2937
2015,02,11,19622518,3325
2015,02,12,19625322,2804
2015,02,13,19627223,1901
2015,02,14,19629227,2004
2015,02,15,19631761,2534
2015,02,16,19633907,2146
2015,02,17,19636806,2899
2015,02,18,19639971,3165
2015,02,19,19643495,3524
2015,02,20,19646510,3015
2015,02,21,19650515,4005
2015,02,22,19654633,4118
2015,02,23,19656869,2236
2015,02,24,19656606,-263
2015,02,25,19657074,468
2015,02,26,19655747,-1327
2015,02,27,19655338,-409
2015,02,28,19654793,-545
2015,03,01,19654093,-700
2015,03,02,19652744,-1349
2015,03,03,19652321,-423
2015,03,04,19651652,-669
2015,03,05,19650226,-1426
2015,03,06,19649020,-1206
2015,03,07,19648505,-515
2015,03,08,19647552,-953
2015,03,09,19645316,-2236
2015,03,10,19643993,-1323
2015,03,11,19642218,-1775
2015,03,12,19640858,-1360
2015,03,13,19640268,-590
2015,03,14,19640203,-65
2015,03,15,19640224,21
2015,03,16,19639654,-570
2015,03,17,19639772,118
2015,03,18,19639843,71
2015,03,19,19639491,-352
2015,03,20,18971297,-668194
2015,03,21,18875775,-95522
2015,03,22,18866126,-9649
2015,03,23,18548486,-317640
2015,03,24,18551344,2858
2015,03,25,18553905,2561
2015,03,26,18555890,1985
2015,03,27,18558850,2960
2015,03,28,18562037,3187
2015,03,29,18564717,2680
2015,03,30,18567316,2599
2015,03,31,18569301,1985
2015,04,01,18571586,2285
2015,04,02,18573982,2396
2015,04,03,18576005,2023
2015,04,04,18578011,2006
2015,04,05,18580523,2512
2015,04,06,18582888,2365
2015,04,07,18586007,3119
2015,04,08,18588354,2347
2015,04,09,18589634,1280
2015,04,10,18591689,2055
2015,04,11,18594117,2428
2015,04,12,18596217,2100
2015,04,13,18597851,1634
2015,04,14,18595767,-2084
2015,04,15,18596942,1175
2015,04,16,18598200,1258
2015,04,17,18599601,1401
2015,04,18,18599721,120
2015,04,19,18602018,2297
2015,04,20,18604233,2215
2015,04,21,18606123,1890
2015,04,22,18607583,1460
2015,04,23,18609379,1796
2015,04,24,18611210,1831
2015,04,25,18613487,2277
2015,04,26,18616077,2590
2015,04,27,18618715,2638
2015,04,28,18620913,2198
2015,04,29,18623507,2594
2015,04,30,18625495,1988
2015,05,01,18628201,2706
2015,05,02,18630700,2499
2015,05,03,18633500,2800
2015,05,04,18636496,2996
2015,05,05,18639206,2710
2015,05,06,18641405,2199
2015,05,07,18643386,1981
2015,05,08,18645953,2567
2015,05,09,18648737,2784
2015,05,10,18651649,2912
2015,05,11,18654492,2843
2015,05,12,18657166,2674
2015,05,13,18659809,2643
2015,05,14,18662527,2718
2015,05,15,18665227,2700
2015,05,16,18668250,3023
2015,05,17,18671474,3224
2015,05,18,18674449,2975
2015,05,19,18677069,2620
2015,05,20,18680316,3247
2015,05,21,18681271,955
2015,05,22,18684071,2800
2015,05,23,18688048,3977
2015,05,24,18691588,3540
2015,05,25,18694870,3282
2015,05,26,18697833,2963
2015,05,27,18700812,2979
2015,05,28,18703466,2654
2015,05,29,18703111,-355
2015,05,30,18704647,1536
2015,05,31,18706701,2054
2015,06,01,18708778,2077
2015,06,02,18710386,1608
2015,06,03,18712293,1907
2015,06,04,18713667,1374
2015,06,05,18715504,1837
2015,06,06,18717766,2262
2015,06,07,18719954,2188
2015,06,08,18722303,2349
2015,06,09,18724282,1979
2015,06,10,18726161,1879
2015,06,11,18727928,1767
2015,06,12,18730654,2726
2015,06,13,18733709,3055
2015,06,14,18737060,3351
2015,06,15,18739691,2631
2015,06,16,18742306,2615
2015,06,17,18745330,3024
2015,06,18,18747673,2343
2015,06,19,18750381,2708
2015,06,20,18753750,3369
2015,06,21,18757112,3362
2015,06,22,18759802,2690
2015,06,23,18762471,2669
2015,06,24,18765830,3359
2015,06,25,18769087,3257
2015,06,26,18771985,2898
2015,06,27,18775218,3233
2015,06,28,18778428,3210
2015,06,29,18781903,3475
2015,06,30,18785440,3537
2015,07,01,18788635,3195
2015,07,02,18791271,2636
2015,07,03,18793661,2390
2015,07,04,18796136,2475
2015,07,05,18798782,2646
2015,07,06,18801368,2586
2015,07,07,18804003,2635
2015,07,08,18806536,2533
2015,07,09,18808783,2247
2015,07,10,18810916,2133
2015,07,11,18813514,2598
2015,07,12,18816179,2665
2015,07,13,18818785,2606
2015,07,14,18821737,2952
2015,07,15,18824986,3249
2015,07,16,18828746,3760
2015,07,17,18830797,2051
2015,07,18,18833363,2566
2015,07,19,18836034,2671
2015,07,20,18838619,2585
2015,07,21,18841308,2689
2015,07,22,18843517,2209
2015,07,23,18845748,2231
2015,07,24,18848062,2314
2015,07,25,18850238,2176
2015,07,26,18852639,2401
2015,07,27,18855401,2762
2015,07,28,18857127,1726
2015,07,29,18858861,1734
2015,07,30,18860509,1648
2015,07,31,18861976,1467
2015,08,01,18863843,1867
2015,08,02,18865756,1913
2015,08,03,18867747,1991
2015,08,04,18869808,2061
2015,08,05,18871354,1546
2015,08,06,18872901,1547
2015,08,07,18874717,1816
2015,08,08,18876440,1723
2015,08,09,18878831,2391
2015,08,10,18884772,5941
2015,08,11,18888107,3335
2015,08,12,18893890,5783
2015,08,13,18901458,7568
2015,08,14,18906468,5010
2015,08,15,18909515,3047
2015,08,16,18912684,3169
2015,08,17,18915069,2385
2015,08,18,18918102,3033
2015,08,19,18919849,1747
2015,08,20,18922103,2254
2015,08,21,18921485,-618
2015,08,22,18923967,2482
2015,08,23,18923461,-506
2015,08,24,18926331,2870
2015,08,25,18930385,4054
2015,08,26,18934378,3993
2015,08,27,18940504,6126
2015,08,28,18946215,5711
2015,08,29,18946665,450
2015,08,30,18946657,-8
2015,08,31,18948578,1921
2015,09,01,18945685,-2893
2015,09,02,18945498,-187
2015,09,03,18944866,-632
2015,09,04,18944024,-842
2015,09,05,18945392,1368
2015,09,06,18944929,-463
2015,09,07,18943869,-1060
2015,09,08,18943270,-599
2015,09,09,18944817,1547
2015,09,10,18944113,-704
2015,09,11,18943550,-563
2015,09,12,18943642,92
2015,09,13,18944198,556
2015,09,14,18944073,-125
2015,09,15,18946990,2917
2015,09,16,18949199,2209
2015,09,17,18949144,-55
2015,09,18,18948334,-810
2015,09,19,18948533,199
2015,09,20,18950982,2449
2015,09,21,18947707,-3275
2015,09,22,18947144,-563
2015,09,23,18948221,1077
2015,09,24,18946017,-2204
2015,09,25,18947469,1452
2015,09,26,18948970,1501
2015,09,27,18951278,2308
2015,09,28,18951859,581
2015,09,29,18953943,2084
2015,09,30,18955314,1371
2015,10,01,18956832,1518
2015,10,02,18958275,1443
2015,10,03,18959596,1321
2015,10,04,18961571,1975
2015,10,05,18962759,1188
2015,10,06,18964066,1307
2015,10,07,18965804,1738
2015,10,08,18968581,2777
2015,10,09,18968816,235
2015,10,10,18970275,1459
2015,10,11,18972118,1843
2015,10,12,18973571,1453
2015,10,13,18975280,1709
2015,10,14,18976705,1425
2015,10,15,18978485,1780
2015,10,16,18980068,1583
2015,10,17,18982427,2359
2015,10,18,18984240,1813
2015,10,19,18986050,1810
2015,10,20,18987517,1467
2015,10,21,18989544,2027
2015,10,22,18991157,1613
2015,10,23,18993433,2276
2015,10,24,18995799,2366
2015,10,25,18998120,2321
2015,10,26,19000087,1967
2015,10,27,18999633,-454
2015,10,28,19000819,1186
2015,10,29,19002200,1381
2015,10,30,19003329,1129
2015,10,31,19004483,1154
2015,11,01,19006332,1849
2015,11,02,19007755,1423
2015,11,03,19009200,1445
2015,11,04,19010354,1154
2015,11,05,19011587,1233
2015,11,06,19013235,1648
2015,11,07,19014940,1705
2015,11,08,19016638,1698
2015,11,09,19018266,1628
2015,11,10,19019628,1362
2015,11,11,19020574,946
2015,11,12,19021574,1000
2015,11,13,19022699,1125
2015,11,14,19023729,1030
2015,11,15,19025344,1615
2015,11,16,19026124,780
2015,11,17,19026967,843
2015,11,18,19027833,866
2015,11,19,19028710,877
2015,11,20,19029690,980
2015,11,21,19030950,1260
2015,11,22,19032533,1583
2015,11,23,19033801,1268
2015,11,24,19034719,918
2015,11,25,19035685,966
2015,11,26,19036007,322
2015,11,27,19036726,719
2015,11,28,19037725,999
2015,11,29,19038689,964
2015,11,30,19039178,489
2015,12,01,19039291,113
2015,12,02,19039342,51
2015,12,03,19039880,538
