2011,03,24,18952197,28925
2011,03,25,18981334,29137
2011,03,26,18998673,17339
2011,03,27,19015504,16831
2011,03,28,19028906,13402
2011,03,29,19036062,7156
2011,03,30,19046644,10582
2011,03,31,19061655,15011
2011,04,01,19090867,29212
2011,04,02,19126383,35516
2011,04,03,19157456,31073
2011,04,04,19184732,27276
2011,04,05,19217296,32564
2011,04,06,19248131,30835
2011,04,07,19277446,29315
2011,04,08,19309599,32153
2011,04,09,19343164,33565
2011,04,10,19373542,30378
2011,04,11,19404905,31363
2011,04,12,19442981,38076
2011,04,13,19484821,41840
2011,04,14,19524107,39286
2011,04,15,19563943,39836
2011,04,16,19603317,39374
2011,04,17,19639086,35769
2011,04,18,19670587,31501
2011,04,19,19702110,31523
2011,04,20,19736899,34789
2011,04,21,19772467,35568
2011,04,22,19816535,44068
2011,04,23,19862224,45689
2011,04,24,19917070,54846
2011,04,25,19965631,48561
2011,04,26,20013818,48187
2011,04,27,20038256,24438
2011,04,28,20081107,42851
2011,04,29,20124215,43108
2011,04,30,20170342,46127
2011,05,01,20205578,35236
2011,05,02,20239635,34057
2011,05,03,20277918,38283
2011,05,04,20312455,34537
2011,05,05,20346535,34080
2011,05,06,20382233,35698
2011,05,07,20423182,40949
2011,05,08,20455015,31833
2011,05,09,20476985,21970
2011,05,10,20501029,24044
2011,05,11,20529303,28274
2011,05,12,20557616,28313
2011,05,13,20588814,31198
2011,05,14,20621132,32318
2011,05,15,20649543,28411
2011,05,16,20672973,23430
2011,05,17,20699172,26199
2011,05,18,20726913,27741
2011,05,19,20762886,35973
2011,05,20,20814336,51450
2011,05,21,20883038,68702
2011,05,22,20946730,63692
2011,05,23,21002455,55725
2011,05,24,21054781,52326
2011,05,25,21107641,52860
2011,05,26,21239341,131700
2011,05,27,21388562,149221
2011,05,28,21575405,186843
2011,05,29,21692314,116909
2011,05,30,21792113,99799
2011,05,31,21884943,92830
2011,06,01,21967971,83028
2011,06,02,22041530,73559
2011,06,03,22110180,68650
2011,06,04,22175626,65446
2011,06,05,22238861,63235
2011,06,06,22297802,58941
2011,06,07,22357973,60171
2011,06,08,22412752,54779
2011,06,09,22470461,57709
2011,06,10,22537452,66991
2011,06,11,22611989,74537
2011,06,12,22677176,65187
2011,06,13,22739151,61975
2011,06,14,22797534,58383
2011,06,15,22846704,49170
2011,06,16,22892184,45480
2011,06,17,22948583,56399
2011,06,18,22996725,48142
2011,06,19,23040992,44267
2011,06,20,23086914,45922
2011,06,21,23127927,41013
2011,06,22,23166676,38749
2011,06,23,23203615,36939
2011,06,24,23240187,36572
2011,06,25,23278431,38244
2011,06,26,23316892,38461
2011,06,27,23356080,39188
2011,06,28,23392686,36606
2011,06,29,23419941,27255
2011,06,30,23448916,28975
2011,07,01,23480892,31976
2011,07,02,23513832,32940
2011,07,03,23543328,29496
2011,07,04,23573971,30643
2011,07,05,23604299,30328
2011,07,06,23651108,46809
2011,07,07,23696680,45572
2011,07,08,23738038,41358
2011,07,09,23774949,36911
2011,07,10,23808700,33751
2011,07,11,23845376,36676
2011,07,12,23883240,37864
2011,07,13,23918281,35041
2011,07,14,23954846,36565
2011,07,15,23993223,38377
2011,07,16,24034546,41323
2011,07,17,24071895,37349
2011,07,18,24106051,34156
2011,07,19,24140460,34409
2011,07,20,24171126,30666
2011,07,21,24200017,28891
2011,07,22,24229019,29002
2011,07,23,24260207,31188
2011,07,24,24295175,34968
2011,07,25,24331271,36096
2011,07,26,24371804,40533
2011,07,27,24405709,33905
2011,07,28,24436823,31114
2011,07,29,24463640,26817
2011,07,30,24491855,28215
2011,07,31,24518114,26259
2011,08,01,24542935,24821
2011,08,02,24567867,24932
2011,08,03,24596061,28194
2011,08,04,24628080,32019
2011,08,05,24659611,31531
2011,08,06,24694423,34812
2011,08,07,24727901,33478
2011,08,08,24759533,31632
2011,08,09,24790342,30809
2011,08,10,24821689,31347
2011,08,11,24850522,28833
2011,08,12,24886022,35500
2011,08,13,24925680,39658
2011,08,14,24965339,39659
2011,08,15,25002688,37349
2011,08,16,25033998,31310
2011,08,17,25057370,23372
2011,08,18,25080570,23200
2011,08,19,25103644,23074
2011,08,20,25128833,25189
2011,08,21,25152454,23621
2011,08,22,25171940,19486
2011,08,23,25188815,16875
2011,08,24,25206028,17213
2011,08,25,25224062,18034
2011,08,26,25241534,17472
2011,08,27,25261205,19671
2011,08,28,25287306,26101
2011,08,29,25307504,20198
2011,08,30,25323801,16297
2011,08,31,25338508,14707
2011,09,01,25354081,15573
2011,09,02,25369248,15167
2011,09,03,25388984,19736
2011,09,04,25408168,19184
2011,09,05,25426230,18062
2011,09,06,25441809,15579
2011,09,07,25459277,17468
2011,09,08,25476536,17259
2011,09,09,25495406,18870
2011,09,10,25517202,21796
2011,09,11,25538248,21046
2011,09,12,25555084,16836
2011,09,13,25571897,16813
2011,09,14,25589267,17370
2011,09,15,25605323,16056
2011,09,16,25628088,22765
2011,09,17,25672747,44659
2011,09,18,25703693,30946
2011,09,19,25749345,45652
2011,09,20,25779095,29750
2011,09,21,25807737,28642
2011,09,22,25824467,16730
2011,09,23,25844223,19756
2011,09,24,25863994,19771
2011,09,25,25883626,19632
2011,09,26,25899715,16089
2011,09,27,25915448,15733
2011,09,28,25930332,14884
2011,09,29,25941917,11585
2011,09,30,25957936,16019
2011,10,01,25976555,18619
2011,10,02,25994700,18145
2011,10,03,26009269,14569
2011,10,04,26022046,12777
2011,10,05,26036897,14851
2011,10,06,26052128,15231
2011,10,07,26069833,17705
2011,10,08,26090503,20670
2011,10,09,26110005,19502
2011,10,10,26127443,17438
2011,10,11,26141753,14310
2011,10,12,26156261,14508
2011,10,13,26170664,14403
2011,10,14,26185521,14857
2011,10,15,26207709,22188
2011,10,16,26226292,18583
2011,10,17,26242502,16210
2011,10,18,26258324,15822
2011,10,19,26274370,16046
2011,10,20,26291119,16749
2011,10,21,26308120,17001
2011,10,22,26327781,19661
2011,10,23,26347418,19637
2011,10,24,26361954,14536
2011,10,25,26375347,13393
2011,10,26,26389395,14048
2011,10,27,26402561,13166
2011,10,28,26413472,10911
2011,10,29,26426214,12742
2011,10,30,26438031,11817
2011,10,31,26448412,10381
2011,11,01,26458626,10214
2011,11,02,26471612,12986
2011,11,03,26480634,9022
2011,11,04,26491154,10520
2011,11,05,26504552,13398
2011,11,06,26518176,13624
2011,11,07,26528070,9894
2011,11,08,26538498,10428
2011,11,09,26549944,11446
2011,11,10,26563400,13456
2011,11,11,26578040,14640
2011,11,12,26592504,14464
2011,11,13,26607017,14513
2011,11,14,26618803,11786
2011,11,15,26632150,13347
2011,11,16,26651250,19100
2011,11,17,26663185,11935
2011,11,18,26674277,11092
2011,11,19,26686071,11794
2011,11,20,26696929,10858
2011,11,21,26715299,18370
2011,11,22,26727621,12322
2011,11,23,26741309,13688
2011,11,24,26753895,12586
2011,11,25,26766378,12483
2011,11,26,26778823,12445
2011,11,27,26791154,12331
2011,11,28,26801229,10075
2011,11,29,26813161,11932
2011,11,30,26825657,12496
2011,12,01,26836387,10730
2011,12,02,26847287,10900
2011,12,03,26859103,11816
2011,12,04,26869431,10328
2011,12,05,26878126,8695
2011,12,06,26888800,10674
2011,12,07,26900758,11958
2011,12,08,26913387,12629
2011,12,09,26925397,12010
2011,12,10,26935995,10598
2011,12,11,26946523,10528
2011,12,12,26955764,9241
2011,12,13,26973346,17582
2011,12,14,26989109,15763
2011,12,15,27002731,13622
2011,12,16,27017076,14345
2011,12,17,27032423,15347
2011,12,18,27048223,15800
2011,12,19,27061427,13204
2011,12,20,27074901,13474
2011,12,21,27088756,13855
2011,12,22,27102337,13581
2011,12,23,27114727,12390
2011,12,24,27124290,9563
2011,12,25,27133437,9147
2011,12,26,27143056,9619
2011,12,27,27153512,10456
2011,12,28,27163187,9675
2011,12,29,27173058,9871
2011,12,30,27182288,9230
2011,12,31,27191164,8876
2012,01,01,27198918,7754
2012,01,02,27208334,9416
2012,01,03,27217602,9268
2012,01,04,27226578,8976
2012,01,05,27235436,8858
2012,01,06,27244338,8902
2012,01,07,27262228,17890
2012,01,08,27279987,17759
2012,01,09,27297190,17203
2012,01,10,27312949,15759
2012,01,11,27329679,16730
2012,01,12,27344028,14349
2012,01,13,27367176,23148
2012,01,14,27395737,28561
2012,01,15,27424103,28366
2012,01,16,27450867,26764
2012,01,17,27477532,26665
2012,01,18,27503757,26225
2012,01,19,27532109,28352
2012,01,20,27562100,29991
2012,01,21,27617065,54965
2012,01,22,27669674,52609
2012,01,23,27714896,45222
2012,01,24,27753862,38966
2012,01,25,27788437,34575
2012,01,26,27822300,33863
2012,01,27,27867937,45637
2012,01,28,27918112,50175
2012,01,29,27965702,47590
2012,01,30,28005198,39496
2012,01,31,28051255,46057
2012,02,01,28096021,44766
2012,02,02,28145386,49365
2012,02,03,28194542,49156
2012,02,04,28238075,43533
2012,02,05,28280825,42750
2012,02,06,28317612,36787
2012,02,07,28351230,33618
2012,02,08,28383045,31815
2012,02,09,28413412,30367
2012,02,10,28445462,32050
2012,02,11,28483430,37968
2012,02,12,28517758,34328
2012,02,13,28550246,32488
2012,02,14,28580159,29913
2012,02,15,28609936,29777
2012,02,16,28641825,31889
2012,02,17,28670563,28738
2012,02,18,28710166,39603
2012,02,19,28749212,39046
2012,02,20,28789782,40570
2012,02,21,28823395,33613
2012,02,22,28857418,34023
2012,02,23,28892706,35288
2012,02,24,28932779,40073
2012,02,25,28982089,49310
2012,02,26,29059304,77215
2012,02,27,29114731,55427
2012,02,28,29170918,56187
2012,02,29,29219412,48494
2012,03,01,29257248,37836
2012,03,02,29300084,42836
2012,03,03,29352234,52150
2012,03,04,29397611,45377
2012,03,05,29430618,33007
2012,03,06,29463554,32936
2012,03,07,29495371,31817
2012,03,08,29533191,37820
2012,03,09,29567065,33874
2012,03,10,29606587,39522
2012,03,11,29641198,34611
2012,03,12,29671285,30087
2012,03,13,29701176,29891
2012,03,14,29730030,28854
2012,03,15,29756638,26608
2012,03,16,29785002,28364
2012,03,17,29819207,34205
2012,03,18,29850772,31565
2012,03,19,29873633,22861
2012,03,20,29895712,22079
2012,03,21,29921183,25471
2012,03,22,29948731,27548
2012,03,23,29977924,29193
2012,03,24,30001518,23594
2012,03,25,30016250,14732
2012,03,26,30028604,12354
2012,03,27,30039852,11248
2012,03,28,30054114,14262
2012,03,29,30066249,12135
2012,03,30,30078101,11852
2012,03,31,30090737,12636
2012,04,01,30103198,12461
2012,04,02,30113489,10291
2012,04,03,30125281,11792
2012,04,04,30136579,11298
2012,04,05,30148463,11884
2012,04,06,30160684,12221
2012,04,07,30173598,12914
2012,04,08,30186710,13112
2012,04,09,30199585,12875
2012,04,10,30212154,12569
2012,04,11,30223148,10994
2012,04,12,30233860,10712
2012,04,13,30246665,12805
2012,04,14,30281478,34813
2012,04,15,30323865,42387
2012,04,16,30359839,35974
2012,04,17,30392608,32769
2012,04,18,30422616,30008
2012,04,19,30452792,30176
2012,04,20,30483360,30568
2012,04,21,30515366,32006
2012,04,22,30542759,27393
2012,04,23,30567009,24250
2012,04,24,30591843,24834
2012,04,25,30614830,22987
2012,04,26,30644398,29568
2012,04,27,30671366,26968
2012,04,28,30701316,29950
2012,04,29,30728208,26892
2012,04,30,30750059,21851
2012,05,01,30774409,24350
2012,05,02,30797802,23393
2012,05,03,30819476,21674
2012,05,04,30846496,27020
2012,05,05,30878565,32069
2012,05,06,30906023,27458
2012,05,07,30928586,22563
2012,05,08,30949841,21255
2012,05,09,30972371,22530
2012,05,10,30996601,24230
2012,05,11,31023960,27359
2012,05,12,31053377,29417
2012,05,13,31083826,30449
2012,05,14,31115621,31795
2012,05,15,31149999,34378
2012,05,16,31184038,34039
2012,05,17,31216861,32823
2012,05,18,31252353,35492
2012,05,19,31290803,38450
2012,05,20,31325331,34528
2012,05,21,31356244,30913
2012,05,22,31386952,30708
2012,05,23,31423842,36890
2012,05,24,31463964,40122
2012,05,25,31500236,36272
2012,05,26,31535163,34927
2012,05,27,31568604,33441
2012,05,28,31600274,31670
2012,05,29,31629559,29285
2012,05,30,31658486,28927
2012,05,31,31685991,27505
2012,06,01,31712345,26354
2012,06,02,31741980,29635
2012,06,03,31771001,29021
2012,06,04,31800084,29083
2012,06,05,31834001,33917
2012,06,06,31865319,31318
2012,06,07,31896832,31513
2012,06,08,31933170,36338
2012,06,09,31966251,33081
2012,06,10,31996699,30448
2012,06,11,32025438,28739
2012,06,12,32056742,31304
2012,06,13,32087707,30965
2012,06,14,32120931,33224
2012,06,15,32154062,33131
2012,06,16,32190659,36597
2012,06,17,32225113,34454
2012,06,18,32253520,28407
2012,06,19,32283688,30168
2012,06,20,32314916,31228
2012,06,21,32349499,34583
2012,06,22,32413250,63751
2012,06,23,32449391,36141
2012,06,24,32478644,29253
2012,06,25,32514954,36310
2012,06,26,32541521,26567
2012,06,27,32569536,28015
2012,06,28,32599449,29913
2012,06,29,32631905,32456
2012,06,30,32667749,35844
2012,07,01,32697668,29919
2012,07,02,32729623,31955
2012,07,03,32763640,34017
2012,07,04,32795588,31948
2012,07,05,32823440,27852
2012,07,06,32841626,18186
2012,07,07,32867059,25433
2012,07,08,32891201,24142
2012,07,09,32917818,26617
2012,07,10,32947036,29218
2012,07,11,32972622,25586
2012,07,12,32996414,23792
2012,07,13,33022571,26157
2012,07,14,33050443,27872
2012,07,15,33079061,28618
2012,07,16,33108434,29373
2012,07,17,33139604,31170
2012,07,18,33186768,47164
2012,07,19,33223598,36830
2012,07,20,33254623,31025
2012,07,21,33282784,28161
2012,07,22,33306271,23487
2012,07,23,33328933,22662
2012,07,24,33352877,23944
2012,07,25,33372212,19335
2012,07,26,33391546,19334
2012,07,27,33411372,19826
2012,07,28,33431809,20437
2012,07,29,33453181,21372
2012,07,30,33474974,21793
2012,07,31,33495811,20837
2012,08,01,33514808,18997
2012,08,02,33552352,37544
2012,08,03,33574570,22218
2012,08,04,33597929,23359
2012,08,05,33620355,22426
2012,08,06,33643907,23552
2012,08,07,33665612,21705
2012,08,08,33682969,17357
2012,08,09,33701738,18769
2012,08,10,33719397,17659
2012,08,11,33735125,15728
2012,08,12,33751752,16627
2012,08,13,33764801,13049
2012,08,14,33795823,31022
2012,08,15,33827208,31385
2012,08,16,33847889,20681
2012,08,17,33866761,18872
2012,08,18,33878013,11252
2012,08,19,33890434,12421
2012,08,20,33903392,12958
2012,08,21,33915675,12283
2012,08,22,33958246,42571
2012,08,23,33999959,41713
2012,08,24,34035262,35303
2012,08,25,34059538,24276
2012,08,26,34083057,23519
2012,08,27,34111402,28345
2012,08,28,34138862,27460
2012,08,29,34162348,23486
2012,08,30,34194209,31861
2012,08,31,34219954,25745
2012,09,01,34239964,20010
2012,09,02,34257973,18009
2012,09,03,34275175,17202
2012,09,04,34292713,17538
2012,09,05,34307023,14310
2012,09,06,34325643,18620
2012,09,07,34346280,20637
2012,09,08,34366883,20603
2012,09,09,34384252,17369
2012,09,10,34399123,14871
2012,09,11,34416727,17604
2012,09,12,34435141,18414
2012,09,13,34451088,15947
2012,09,14,34466959,15871
2012,09,15,34483544,16585
2012,09,16,34499983,16439
2012,09,17,34511019,11036
2012,09,18,34524631,13612
2012,09,19,34539341,14710
2012,09,20,34550862,11521
2012,09,21,34561128,10266
2012,09,22,34574350,13222
2012,09,23,34588481,14131
2012,09,24,34598518,10037
2012,09,25,34602431,3913
2012,09,26,34596406,-6025
2012,09,27,34595499,-907
2012,09,28,34595675,176
2012,09,29,34595679,4
2012,09,30,34605973,10294
2012,10,01,34600403,-5570
2012,10,02,34608716,8313
2012,10,03,34615743,7027
2012,10,04,34639580,23837
2012,10,05,34686426,46846
2012,10,06,34692451,6025
2012,10,07,34734381,41930
2012,10,08,34754165,19784
2012,10,09,34773698,19533
2012,10,10,34790571,16873
2012,10,11,34809055,18484
2012,10,12,34864070,55015
2012,10,13,34889346,25276
2012,10,14,34914596,25250
2012,10,15,34934870,20274
2012,10,16,34954637,19767
2012,10,17,34969369,14732
2012,10,18,34984742,15373
2012,10,19,34999292,14550
2012,10,20,35019545,20253
2012,10,21,35036360,16815
2012,10,22,35065248,28888
2012,10,23,35098537,33289
2012,10,24,35128697,30160
2012,10,25,35153818,25121
2012,10,26,35182093,28275
2012,10,27,35209850,27757
2012,10,28,35236873,27023
2012,10,29,35260060,23187
2012,10,30,35285025,24965
2012,10,31,35307389,22364
2012,11,01,35327230,19841
2012,11,02,35346655,19425
2012,11,03,35375484,28829
2012,11,04,35403573,28089
2012,11,05,35428540,24967
2012,11,06,35450572,22032
2012,11,07,35473978,23406
2012,11,08,35501215,27237
2012,11,09,35524650,23435
2012,11,10,35555183,30533
2012,11,11,35583302,28119
2012,11,12,35609152,25850
2012,11,13,35634587,25435
2012,11,14,35664058,29471
2012,11,15,35696495,32437
2012,11,16,35730124,33629
2012,11,17,35765577,35453
2012,11,18,35796745,31168
2012,11,19,35822527,25782
2012,11,20,35844990,22463
2012,11,21,35880106,35116
2012,11,22,35934458,54352
2012,11,23,35983745,49287
2012,11,24,36036804,53059
2012,11,25,36083849,47045
2012,11,26,36123138,39289
2012,11,27,36161534,38396
2012,11,28,36196353,34819
2012,11,29,36232789,36436
2012,11,30,36294544,61755
2012,12,01,36360054,65510
2012,12,02,36405523,45469
2012,12,03,36448359,42836
2012,12,04,36490312,41953
2012,12,05,36536731,46419
2012,12,06,36577328,40597
2012,12,07,36620432,43104
2012,12,08,36665702,45270
2012,12,09,36710247,44545
2012,12,10,36748052,37805
2012,12,11,36783060,35008
2012,12,12,36820738,37678
2012,12,13,36862283,41545
2012,12,14,36910977,48694
2012,12,15,36962605,51628
2012,12,16,37012458,49853
2012,12,17,37055670,43212
2012,12,18,37102011,46341
2012,12,19,37144071,42060
2012,12,20,37190576,46505
2012,12,21,37237926,47350
2012,12,22,37281796,43870
2012,12,23,37321666,39870
2012,12,24,37357019,35353
2012,12,25,37388885,31866
2012,12,26,37422437,33552
2012,12,27,37458588,36151
2012,12,28,37488105,29517
2012,12,29,37521273,33168
2012,12,30,37554797,33524
2012,12,31,37587228,32431
2013,01,01,37622940,35712
2013,01,02,37660173,37233
2013,01,03,37698645,38472
2013,01,04,37738140,39495
2013,01,05,37784046,45906
2013,01,06,37824863,40817
2013,01,07,37864676,39813
2013,01,08,37895396,30720
2013,01,09,37925433,30037
2013,01,10,37954489,29056
2013,01,11,37987667,33178
2013,01,12,38020427,32760
2013,01,13,38053297,32870
2013,01,14,38083393,30096
2013,01,15,38115956,32563
2013,01,16,38145150,29194
2013,01,17,38182261,37111
2013,01,18,38229445,47184
2013,01,19,38284340,54895
2013,01,20,38337083,52743
2013,01,21,38386666,49583
2013,01,22,38429853,43187
2013,01,23,38470693,40840
2013,01,24,38508038,37345
2013,01,25,38543332,35294
2013,01,26,38593660,50328
2013,01,27,38637761,44101
2013,01,28,38677134,39373
2013,01,29,38716826,39692
2013,01,30,38756179,39353
2013,01,31,38794508,38329
2013,02,01,38828341,33833
2013,02,02,38872262,43921
2013,02,03,38907635,35373
2013,02,04,38930815,23180
2013,02,05,38965615,34800
2013,02,06,39013767,48152
2013,02,07,39061293,47526
2013,02,08,39113969,52676
2013,02,09,39174746,60777
2013,02,10,39227260,52514
2013,02,11,39270236,42976
2013,02,12,39316039,45803
2013,02,13,39361487,45448
2013,02,14,39398205,36718
2013,02,15,39434277,36072
2013,02,16,39474009,39732
2013,02,17,39512748,38739
2013,02,18,39546471,33723
2013,02,19,39578490,32019
2013,02,20,39611182,32692
2013,02,21,39647761,36579
2013,02,22,39688936,41175
2013,02,23,39739219,50283
2013,02,24,39785154,45935
2013,02,25,39819985,34831
2013,02,26,39852094,32109
2013,02,27,39880042,27948
2013,02,28,39909940,29898
2013,03,01,39943449,33509
2013,03,02,39979740,36291
2013,03,03,40015363,35623
2013,03,04,40043674,28311
2013,03,05,40072050,28376
2013,03,06,40094348,22298
2013,03,07,40121078,26730
2013,03,08,40146462,25384
2013,03,09,40177300,30838
2013,03,10,40206854,29554
2013,03,11,40225983,19129
2013,03,12,40241696,15713
2013,03,13,40263641,21945
2013,03,14,40306329,42688
2013,03,15,40334366,28037
2013,03,16,40375418,41052
2013,03,17,40414228,38810
2013,03,18,40447412,33184
2013,03,19,40480536,33124
2013,03,20,40513526,32990
2013,03,21,40547572,34046
2013,03,22,40589532,41960
2013,03,23,40633004,43472
2013,03,24,40670753,37749
2013,03,25,40705518,34765
2013,03,26,40746403,40885
2013,03,27,40784016,37613
2013,03,28,40822554,38538
2013,03,29,40863004,40450
2013,03,30,40911224,48220
2013,03,31,40957626,46402
2013,04,01,40997175,39549
2013,04,02,41040841,43666
2013,04,03,41084820,43979
2013,04,04,41128832,44012
2013,04,05,41173753,44921
2013,04,06,41221203,47450
2013,04,07,41263847,42644
2013,04,08,41300877,37030
2013,04,09,41339767,38890
2013,04,10,41379226,39459
2013,04,11,41417312,38086
2013,04,12,41449091,31779
2013,04,13,41486475,37384
2013,04,14,41521513,35038
2013,04,15,41559181,37668
2013,04,16,41634259,75078
2013,04,17,41700943,66684
2013,04,18,41771487,70544
2013,04,19,41834294,62807
2013,04,20,41903452,69158
2013,04,21,41972829,69377
2013,04,22,42026204,53375
2013,04,23,42080775,54571
2013,04,24,42143823,63048
2013,04,25,42252835,109012
2013,04,26,42337749,84914
2013,04,27,42390474,52725
2013,04,28,42432681,42207
2013,04,29,42469562,36881
2013,04,30,42501564,32002
2013,05,01,42535022,33458
2013,05,02,42561798,26776
2013,05,03,42592436,30638
2013,05,04,42621165,28729
2013,05,05,42645591,24426
2013,05,06,42670990,25399
2013,05,07,42705801,34811
2013,05,08,42730921,25120
2013,05,09,42755975,25054
2013,05,10,42781557,25582
2013,05,11,42812295,30738
2013,05,12,42839311,27016
2013,05,13,42865651,26340
2013,05,14,42898758,33107
2013,05,15,42924634,25876
2013,05,16,42948020,23386
2013,05,17,42966435,18415
2013,05,18,42989231,22796
2013,05,19,43010960,21729
2013,05,20,43034124,23164
2013,05,21,43056938,22814
2013,05,22,43081841,24903
2013,05,23,43105882,24041
2013,05,24,43131639,25757
2013,05,25,43155976,24337
2013,05,26,43174023,18047
2013,05,27,43194249,20226
2013,05,28,43215987,21738
2013,05,29,43233405,17418
2013,05,30,43280684,47279
2013,05,31,43338709,58025
2013,06,01,43390822,52113
2013,06,02,43435712,44890
2013,06,03,43475246,39534
2013,06,04,43522904,47658
2013,06,05,43580628,57724
2013,06,06,43632987,52359
2013,06,07,43689249,56262
2013,06,08,43750867,61618
2013,06,09,43813020,62153
2013,06,10,43870091,57071
2013,06,11,43929038,58947
2013,06,12,43990212,61174
2013,06,13,44034467,44255
2013,06,14,44078875,44408
2013,06,15,44129326,50451
2013,06,16,44193593,64267
2013,06,17,44248189,54596
2013,06,18,44300297,52108
2013,06,19,44349446,49149
2013,06,20,44399150,49704
2013,06,21,44446185,47035
2013,06,22,44498665,52480
2013,06,23,44546536,47871
2013,06,24,44589815,43279
2013,06,25,44633375,43560
2013,06,26,44671053,37678
2013,06,27,44712706,41653
2013,06,28,44754159,41453
2013,06,29,44794604,40445
2013,06,30,44831800,37196
2013,07,01,44870968,39168
2013,07,02,44913098,42130
2013,07,03,44952218,39120
2013,07,04,44988414,36196
2013,07,05,45025206,36792
2013,07,06,45067402,42196
2013,07,07,45107844,40442
2013,07,08,45157790,49946
2013,07,09,45196218,38428
2013,07,10,45230291,34073
2013,07,11,45267589,37298
2013,07,12,45302566,34977
2013,07,13,45337612,35046
2013,07,14,45370486,32874
2013,07,15,45402927,32441
2013,07,16,45432351,29424
2013,07,17,45458473,26122
2013,07,18,45485687,27214
2013,07,19,45507151,21464
2013,07,20,45530544,23393
2013,07,21,45548055,17511
2013,07,22,45569356,21301
2013,07,23,45598411,29055
2013,07,24,45616588,18177
2013,07,25,45635590,19002
2013,07,26,45653736,18146
2013,07,27,45669082,15346
2013,07,28,45681525,12443
2013,07,29,45692216,10691
2013,07,30,45707765,15549
2013,07,31,45719586,11821
2013,08,01,45735967,16381
2013,08,02,45755175,19208
2013,08,03,45774211,19036
2013,08,04,45794637,20426
2013,08,05,45811155,16518
2013,08,06,45877271,66116
2013,08,07,45997199,119928
2013,08,08,46014912,17713
2013,08,09,46030198,15286
2013,08,10,46044248,14050
2013,08,11,46060548,16300
2013,08,12,46076422,15874
2013,08,13,46092460,16038
2013,08,14,46107230,14770
2013,08,15,46125204,17974
2013,08,16,46143330,18126
2013,08,17,46167378,24048
2013,08,18,46191190,23812
2013,08,19,46213421,22231
2013,08,20,46232613,19192
2013,08,21,46249926,17313
2013,08,22,46269406,19480
2013,08,23,46293342,23936
2013,08,24,46313862,20520
2013,08,25,46345737,31875
2013,08,26,46369321,23584
2013,08,27,46404787,35466
2013,08,28,46444464,39677
2013,08,29,46486205,41741
2013,08,30,46530784,44579
2013,08,31,46582460,51676
2013,09,01,46633725,51265
2013,09,02,46680738,47013
2013,09,03,46732107,51369
2013,09,04,46785930,53823
2013,09,05,46830602,44672
2013,09,06,46876966,46364
2013,09,07,46929591,52625
2013,09,08,46982327,52736
2013,09,09,47029824,47497
2013,09,10,47066735,36911
2013,09,11,47104200,37465
2013,09,12,47139285,35085
2013,09,13,47165284,25999
2013,09,14,47189398,24114
2013,09,15,47212023,22625
2013,09,16,47234347,22324
2013,09,17,47261841,27494
2013,09,18,47335557,73716
2013,09,19,47378308,42751
2013,09,20,47406321,28013
2013,09,21,47450708,44387
2013,09,22,47498044,47336
2013,09,23,47542884,44840
2013,09,24,47592157,49273
2013,09,25,47637452,45295
2013,09,26,47680468,43016
2013,09,27,47725309,44841
2013,09,28,47768589,43280
2013,09,29,47809689,41100
2013,09,30,47843977,34288
2013,10,01,47880821,36844
2013,10,02,47920640,39819
2013,10,03,47962005,41365
2013,10,04,48000116,38111
2013,10,05,48053075,52959
2013,10,06,48097551,44476
2013,10,07,48131838,34287
2013,10,08,48234234,102396
2013,10,09,48921504,687270
2013,10,10,48965826,44322
2013,10,11,49009496,43670
2013,10,12,49054651,45155
2013,10,13,49096550,41899
2013,10,14,49132514,35964
2013,10,15,49170079,37565
2013,10,16,49214028,43949
2013,10,17,49258182,44154
2013,10,18,49312198,54016
2013,10,19,49376370,64172
2013,10,20,49429778,53408
2013,10,21,49470860,41082
2013,10,22,49528917,58057
2013,10,23,49579082,50165
2013,10,24,49616387,37305
2013,10,25,49653079,36692
2013,10,26,49694383,41304
2013,10,27,49734872,40489
2013,10,28,49767811,32939
2013,10,29,49797233,29422
2013,10,30,49822375,25142
2013,10,31,49851434,29059
2013,11,01,49879518,28084
2013,11,02,49914495,34977
2013,11,03,49948174,33679
2013,11,04,49970616,22442
2013,11,05,49994027,23411
2013,11,06,50019742,25715
2013,11,07,50046842,27100
2013,11,08,50076594,29752
2013,11,09,50102785,26191
2013,11,10,50124370,21585
2013,11,11,50144113,19743
2013,11,12,50166008,21895
2013,11,13,50191736,25728
2013,11,14,50221575,29839
2013,11,15,50250802,29227
2013,11,16,50283384,32582
2013,11,17,50316790,33406
2013,11,18,50346717,29927
2013,11,19,50381747,35030
2013,11,20,50413499,31752
2013,11,21,50443049,29550
2013,11,22,50472338,29289
2013,11,23,50504350,32012
2013,11,24,50537061,32711
2013,11,25,50563353,26292
2013,11,26,50594783,31430
2013,11,27,50625304,30521
2013,11,28,50656568,31264
2013,11,29,50693486,36918
2013,11,30,50733156,39670
2013,12,01,50772590,39434
2013,12,02,50807390,34800
2013,12,03,50844977,37587
2013,12,04,50881542,36565
2013,12,05,50919335,37793
2013,12,06,50954210,34875
2013,12,07,50995336,41126
2013,12,08,51037635,42299
2013,12,09,51073796,36161
2013,12,10,51115732,41936
2013,12,11,51163513,47781
2013,12,12,51215362,51849
2013,12,13,51267413,52051
2013,12,14,51316762,49349
2013,12,15,51362317,45555
2013,12,16,51404860,42543
2013,12,17,51448486,43626
2013,12,18,51492430,43944
2013,12,19,51538224,45794
2013,12,20,51580044,41820
2013,12,21,51631475,51431
2013,12,22,51683177,51702
2013,12,23,51737217,54040
2013,12,24,51785113,47896
2013,12,25,51824293,39180
2013,12,26,51868436,44143
2013,12,27,51917605,49169
2013,12,28,51965804,48199
2013,12,29,52011608,45804
2013,12,30,52065381,53773
2013,12,31,52116220,50839
2014,01,01,52167275,51055
2014,01,02,52224000,56725
2014,01,03,52280229,56229
2014,01,04,52424490,144261
2014,01,05,52472307,47817
2014,01,06,52519191,46884
2014,01,07,52563212,44021
2014,01,08,52612212,49000
2014,01,09,52772173,159961
2014,01,10,52821035,48862
2014,01,11,52882841,61806
2014,01,12,52949061,66220
2014,01,13,52997840,48779
2014,01,14,53048547,50707
2014,01,15,53097162,48615
2014,01,16,53188511,91349
2014,01,17,53238486,49975
2014,01,18,53336342,97856
2014,01,19,53390895,54553
2014,01,20,53439737,48842
2014,01,21,53488883,49146
2014,01,22,53536229,47346
2014,01,23,53593111,56882
2014,01,24,53647757,54646
2014,01,25,53704178,56421
2014,01,26,53759063,54885
2014,01,27,53811755,52692
2014,01,28,53863633,51878
2014,01,29,53908106,44473
2014,01,30,53964789,56683
2014,01,31,54018639,53850
2014,02,01,54078437,59798
2014,02,02,54134668,56231
2014,02,03,54187171,52503
2014,02,04,54244046,56875
2014,02,05,54299844,55798
2014,02,06,54355601,55757
2014,02,07,54410927,55326
2014,02,08,54470152,59225
2014,02,09,54528707,58555
2014,02,10,54576529,47822
2014,02,11,54618924,42395
2014,02,12,54661990,43066
2014,02,13,54709453,47463
2014,02,14,54751168,41715
2014,02,15,54799981,48813
2014,02,16,54846228,46247
2014,02,17,54888109,41881
2014,02,18,54932212,44103
2014,02,19,54987286,55074
2014,02,20,55041861,54575
2014,02,21,55097079,55218
2014,02,22,55160640,63561
2014,02,23,55222419,61779
2014,02,24,55281287,58868
2014,02,25,55338795,57508
2014,02,26,55400562,61767
2014,02,27,55462330,61768
2014,02,28,55523038,60708
2014,03,01,55591502,68464
2014,03,02,55661026,69524
2014,03,03,55721695,60669
2014,03,04,55785082,63387
2014,03,05,55854856,69774
2014,03,06,55914138,59282
2014,03,07,55980644,66506
2014,03,08,56058840,78196
2014,03,09,56142153,83313
2014,03,10,56209316,67163
2014,03,11,56284424,75108
2014,03,12,56358081,73657
2014,03,13,56445820,87739
2014,03,14,56508381,62561
2014,03,15,56570737,62356
2014,03,16,56632418,61681
2014,03,17,56696342,63924
2014,03,18,56769978,73636
2014,03,19,56861002,91024
2014,03,20,56962156,101154
2014,03,21,57060165,98009
2014,03,22,57156615,96450
2014,03,23,57245733,89118
2014,03,24,57329331,83598
2014,03,25,57412442,83111
2014,03,26,57500662,88220
2014,03,27,57587873,87211
2014,03,28,57675372,87499
2014,03,29,57781751,106379
2014,03,30,57887233,105482
2014,03,31,57980378,93145
2014,04,01,58064071,83693
2014,04,02,58146021,81950
2014,04,03,58239304,93283
2014,04,04,58333692,94388
2014,04,05,58434813,101121
2014,04,06,58534102,99289
2014,04,07,58616226,82124
2014,04,08,58699370,83144
2014,04,09,58781817,82447
2014,04,10,58865394,83577
2014,04,11,58962341,96947
2014,04,12,59060464,98123
2014,04,13,59154446,93982
2014,04,14,59241033,86587
2014,04,15,59325244,84211
2014,04,16,59405128,79884
2014,04,17,59485620,80492
2014,04,18,59568775,83155
2014,04,19,59646549,77774
2014,04,20,59722715,76166
2014,04,21,59798620,75905
2014,04,22,59875819,77199
2014,04,23,59954746,78927
2014,04,24,60017838,63092
2014,04,25,60137644,119806
2014,04,26,60235791,98147
2014,04,27,60330068,94277
2014,04,28,60415951,85883
2014,04,29,60498931,82980
2014,04,30,60592352,93421
2014,05,01,60697318,104966
2014,05,02,60803104,105786
2014,05,03,60912263,109159
2014,05,04,61018213,105950
2014,05,05,61122270,104057
2014,05,06,61219324,97054
2014,05,07,61344693,125369
2014,05,08,61465432,120739
2014,05,09,61565213,99781
2014,05,10,61660505,95292
2014,05,11,61750595,90090
2014,05,12,61835030,84435
2014,05,13,61933476,98446
2014,05,14,62035063,101587
2014,05,15,62137056,101993
2014,05,16,62236064,99008
2014,05,17,62334562,98498
2014,05,18,62429225,94663
2014,05,19,62523931,94706
2014,05,20,62620812,96881
2014,05,21,62705338,84526
2014,05,22,62779484,74146
2014,05,23,62857729,78245
2014,05,24,62934854,77125
2014,05,25,62999999,65145
2014,05,26,63056708,56709
2014,05,27,63115485,58777
2014,05,28,63181592,66107
2014,05,29,63248285,66693
2014,05,30,63314289,66004
2014,05,31,63384505,70216
2014,06,01,63450062,65557
2014,06,02,63509911,59849
2014,06,03,63573512,63601
2014,06,04,63648137,74625
2014,06,05,63713402,65265
2014,06,06,63805905,92503
2014,06,07,63911368,105463
2014,06,08,63995915,84547
2014,06,09,64085405,89490
2014,06,10,64187744,102339
2014,06,11,64291011,103267
2014,06,12,64407921,116910
2014,06,13,64516371,108450
2014,06,14,64618902,102531
2014,06,15,64713625,94723
2014,06,16,64810590,96965
2014,06,17,64889956,79366
2014,06,18,64980520,90564
2014,06,19,65065127,84607
2014,06,20,65149880,84753
2014,06,21,65238101,88221
2014,06,22,65342293,104192
2014,06,23,65447789,105496
2014,06,24,65545465,97676
2014,06,25,65634637,89172
2014,06,26,65725329,90692
2014,06,27,65815400,90071
2014,06,28,65916615,101215
2014,06,29,66021069,104454
2014,06,30,66106274,85205
2014,07,01,66184726,78452
2014,07,02,66273607,88881
2014,07,03,66346503,72896
2014,07,04,66412741,66238
2014,07,05,66484913,72172
2014,07,06,66550504,65591
2014,07,07,66609358,58854
2014,07,08,66677871,68513
2014,07,09,66739478,61607
2014,07,10,66810574,71096
2014,07,11,66878599,68025
2014,07,12,66947403,68804
2014,07,13,67015997,68594
2014,07,14,67084094,68097
2014,07,15,67160654,76560
2014,07,16,67228165,67511
2014,07,17,67290901,62736
2014,07,18,67359500,68599
2014,07,19,67426644,67144
2014,07,20,67491397,64753
2014,07,21,67554880,63483
2014,07,22,67628188,73308
2014,07,23,67694153,65965
2014,07,24,67759176,65023
2014,07,25,67817385,58209
2014,07,26,67878678,61293
2014,07,27,67942830,64152
2014,07,28,67996539,53709
2014,07,29,68050228,53689
2014,07,30,68103179,52951
2014,07,31,68158386,55207
2014,08,01,68213855,55469
2014,08,02,68248577,34722
2014,08,03,68282147,33570
2014,08,04,68316320,34173
2014,08,05,68358653,42333
2014,08,06,68404324,45671
2014,08,07,68439889,35565
2014,08,08,68471697,31808
2014,08,09,68502441,30744
2014,08,10,68531861,29420
2014,08,11,68558162,26301
2014,08,12,68579591,21429
2014,08,13,68599640,20049
2014,08,14,68616472,16832
2014,08,15,68634537,18065
2014,08,16,68653190,18653
2014,08,17,68671715,18525
2014,08,18,68688746,17031
2014,08,19,68707812,19066
2014,08,20,68727424,19612
2014,08,21,68742377,14953
2014,08,22,68751139,8762
2014,08,23,68758974,7835
2014,08,24,68765706,6732
2014,08,25,68775551,9845
2014,08,26,68806008,30457
2014,08,27,68838798,32790
2014,08,28,68871693,32895
2014,08,29,68906328,34635
2014,08,30,68940592,34264
2014,08,31,68977394,36802
2014,09,01,69016652,39258
2014,09,02,69054755,38103
2014,09,03,69092482,37727
2014,09,04,69129949,37467
2014,09,05,69167034,37085
2014,09,06,69203367,36333
2014,09,07,69239416,36049
2014,09,08,69278414,38998
2014,09,09,69305247,26833
2014,09,10,69331399,26152
2014,09,11,69358489,27090
2014,09,12,69386541,28052
2014,09,13,69417262,30721
2014,09,14,69448000,30738
2014,09,15,69477839,29839
2014,09,16,69505596,27757
2014,09,17,69537411,31815
2014,09,18,69570228,32817
2014,09,19,69604005,33777
2014,09,20,69639625,35620
2014,09,21,69673909,34284
2014,09,22,69704215,30306
2014,09,23,69731196,26981
2014,09,24,69752540,21344
2014,09,25,69776143,23603
2014,09,26,69799716,23573
2014,09,27,69827987,28271
2014,09,28,69856865,28878
2014,09,29,69885409,28544
2014,09,30,69907851,22442
2014,10,01,69936577,28726
2014,10,02,69960688,24111
2014,10,03,69980812,20124
2014,10,04,70004512,23700
2014,10,05,70028299,23787
2014,10,06,70057316,29017
2014,10,07,70083129,25813
2014,10,08,70110910,27781
2014,10,09,70140467,29557
2014,10,10,70165143,24676
2014,10,11,70193254,28111
2014,10,12,70224588,31334
2014,10,13,70249504,24916
2014,10,14,70281123,31619
2014,10,15,70304534,23411
2014,10,16,70329362,24828
2014,10,17,70355673,26311
2014,10,18,70382973,27300
2014,10,19,70411811,28838
2014,10,20,70438122,26311
2014,10,21,70462986,24864
2014,10,22,70483528,20542
2014,10,23,70509066,25538
2014,10,24,70539327,30261
2014,10,25,70567638,28311
2014,10,26,70594726,27088
2014,10,27,70617308,22582
2014,10,28,70646660,29352
2014,10,29,70677699,31039
2014,10,30,70709253,31554
2014,10,31,70743803,34550
2014,11,01,70777708,33905
2014,11,02,70812379,34671
2014,11,03,70846084,33705
2014,11,04,70881044,34960
2014,11,05,70929502,48458
2014,11,06,70976284,46782
2014,11,07,71019225,42941
2014,11,08,71069964,50739
2014,11,09,71118559,48595
2014,11,10,71160386,41827
2014,11,11,71205710,45324
2014,11,12,71251860,46150
2014,11,13,71305767,53907
2014,11,14,71363421,57654
2014,11,15,71419444,56023
2014,11,16,71474393,54949
2014,11,17,71516550,42157
2014,11,18,71560514,43964
2014,11,19,71609916,49402
2014,11,20,71650272,40356
2014,11,21,71688126,37854
2014,11,22,71728692,40566
2014,11,23,71766594,37902
2014,11,24,71807907,41313
2014,11,25,71850091,42184
2014,11,26,71881285,31194
2014,11,27,71908859,27574
2014,11,28,71936703,27844
2014,11,29,71968171,31468
2014,11,30,72000459,32288
2014,12,01,72028385,27926
2014,12,02,72059577,31192
2014,12,03,72093532,33955
2014,12,04,72122591,29059
2014,12,05,72149735,27144
2014,12,06,72181836,32101
2014,12,07,72208320,26484
2014,12,08,72228174,19854
2014,12,09,72267819,39645
2014,12,10,72294939,27120
2014,12,11,72334650,39711
2014,12,12,72378824,44174
2014,12,13,72433533,54709
2014,12,14,72484502,50969
2014,12,15,72514176,29674
2014,12,16,72541499,27323
2014,12,17,72565315,23816
2014,12,18,72588101,22786
2014,12,19,72614961,26860
2014,12,20,72637569,22608
2014,12,21,72663071,25502
2014,12,22,72684307,21236
2014,12,23,72713293,28986
2014,12,24,72742316,29023
2014,12,25,72769818,27502
2014,12,26,72804545,34727
2014,12,27,72841840,37295
2014,12,28,72879980,38140
2014,12,29,72918882,38902
2014,12,30,72960092,41210
2014,12,31,72995581,35489
2015,01,01,73035624,40043
2015,01,02,73092479,56855
2015,01,03,73152052,59573
2015,01,04,73199449,47397
2015,01,05,73238995,39546
2015,01,06,73280789,41794
2015,01,07,73322077,41288
2015,01,08,73357015,34938
2015,01,09,73383600,26585
2015,01,10,73409153,25553
2015,01,11,73433545,24392
2015,01,12,73454680,21135
2015,01,13,73477338,22658
2015,01,14,73503820,26482
2015,01,15,73531930,28110
2015,01,16,73560159,28229
2015,01,17,73591197,31038
2015,01,18,73619560,28363
2015,01,19,73645501,25941
2015,01,20,73672586,27085
2015,01,21,73699332,26746
2015,01,22,73724517,25185
2015,01,23,73748078,23561
2015,01,24,73781739,33661
2015,01,25,73810227,28488
2015,01,26,73833995,23768
2015,01,27,73857290,23295
2015,01,28,73882969,25679
2015,01,29,73909629,26660
2015,01,30,73935562,25933
2015,01,31,73961215,25653
2015,02,01,73994462,33247
2015,02,02,74026965,32503
2015,02,03,74053092,26127
2015,02,04,74077568,24476
2015,02,05,74101864,24296
2015,02,06,74129139,27275
2015,02,07,74155292,26153
2015,02,08,74179943,24651
2015,02,09,74209107,29164
2015,02,10,74238371,29264
2015,02,11,74265375,27004
2015,02,12,74289161,23786
2015,02,13,74313540,24379
2015,02,14,74340958,27418
2015,02,15,74370213,29255
2015,02,16,74394359,24146
2015,02,17,74421242,26883
2015,02,18,74448860,27618
2015,02,19,74479060,30200
2015,02,20,74509211,30151
2015,02,21,74547600,38389
2015,02,22,74581032,33432
2015,02,23,74603149,22117
2015,02,24,74612966,9817
2015,02,25,74628934,15968
2015,02,26,74643537,14603
2015,02,27,74660504,16967
2015,02,28,74674248,13744
2015,03,01,74687924,13676
2015,03,02,74696863,8939
2015,03,03,74707995,11132
2015,03,04,74718239,10244
2015,03,05,74722256,4017
2015,03,06,74735189,12933
2015,03,07,74743083,7894
2015,03,08,74746937,3854
2015,03,09,74742071,-4866
2015,03,10,74742905,834
2015,03,11,74744648,1743
2015,03,12,74747491,2843
2015,03,13,74752306,4815
2015,03,14,74762352,10046
2015,03,15,74783563,21211
2015,03,16,74793050,9487
2015,03,17,74803986,10936
2015,03,18,74815191,11205
2015,03,19,74823246,8055
2015,03,20,74517534,-305712
2015,03,21,72216044,-2301490
2015,03,22,71843885,-372159
2015,03,23,71288502,-555383
2015,03,24,70829068,-459434
2015,03,25,70649486,-179582
2015,03,26,70320004,-329482
2015,03,27,70339559,19555
2015,03,28,70363340,23781
2015,03,29,70385961,22621
2015,03,30,70407367,21406
2015,03,31,70425199,17832
2015,04,01,70439359,14160
2015,04,02,70449819,10460
2015,04,03,70465403,15584
2015,04,04,70481991,16588
2015,04,05,70497370,15379
2015,04,06,70521694,24324
2015,04,07,70543019,21325
2015,04,08,70562941,19922
2015,04,09,70575718,12777
2015,04,10,70600784,25066
2015,04,11,70622465,21681
2015,04,12,70638266,15801
2015,04,13,70648787,10521
2015,04,14,70642190,-6597
2015,04,15,70653834,11644
2015,04,16,70657712,3878
2015,04,17,70663911,6199
2015,04,18,70670386,6475
2015,04,19,70676124,5738
2015,04,20,70688956,12832
2015,04,21,70698075,9119
2015,04,22,70706319,8244
2015,04,23,70717627,11308
2015,04,24,70728294,10667
2015,04,25,70740250,11956
2015,04,26,70752072,11822
2015,04,27,70763797,11725
2015,04,28,70780437,16640
2015,04,29,70792268,11831
2015,04,30,70804242,11974
2015,05,01,70817998,13756
2015,05,02,70830323,12325
2015,05,03,70843063,12740
2015,05,04,70854599,11536
2015,05,05,70867594,12995
2015,05,06,70879856,12262
2015,05,07,70892885,13029
2015,05,08,70905400,12515
2015,05,09,70920315,14915
2015,05,10,70936083,15768
2015,05,11,70950047,13964
2015,05,12,70963389,13342
2015,05,13,70975615,12226
2015,05,14,70991499,15884
2015,05,15,71006202,14703
2015,05,16,71023673,17471
2015,05,17,71040637,16964
2015,05,18,71068798,28161
2015,05,19,71097865,29067
2015,05,20,71122183,24318
2015,05,21,71132610,10427
2015,05,22,71152654,20044
2015,05,23,71175870,23216
2015,05,24,71198702,22832
2015,05,25,71219412,20710
2015,05,26,71237948,18536
2015,05,27,71257696,19748
2015,05,28,71276120,18424
2015,05,29,71276609,489
2015,05,30,71287570,10961
2015,05,31,71302552,14982
2015,06,01,71316110,13558
2015,06,02,71330174,14064
2015,06,03,71342501,12327
2015,06,04,71355919,13418
2015,06,05,71372166,16247
2015,06,06,71388463,16297
2015,06,07,71400911,12448
2015,06,08,71410389,9478
2015,06,09,71419415,9026
2015,06,10,71430799,11384
2015,06,11,71439267,8468
2015,06,12,71451007,11740
2015,06,13,71466707,15700
2015,06,14,71482658,15951
2015,06,15,71493363,10705
2015,06,16,71507358,13995
2015,06,17,71524257,16899
2015,06,18,71536447,12190
2015,06,19,71549238,12791
2015,06,20,71563658,14420
2015,06,21,71574279,10621
2015,06,22,71587557,13278
2015,06,23,71603422,15865
2015,06,24,71616632,13210
2015,06,25,71625984,9352
2015,06,26,71638255,12271
2015,06,27,71652140,13885
2015,06,28,71667295,15155
2015,06,29,71680676,13381
2015,06,30,71695292,14616
2015,07,01,71704366,9074
2015,07,02,71712192,7826
2015,07,03,71721052,8860
2015,07,04,71735219,14167
2015,07,05,71752133,16914
2015,07,06,71762781,10648
2015,07,07,71773420,10639
2015,07,08,71785488,12068
2015,07,09,71799382,13894
2015,07,10,71812773,13391
2015,07,11,71827404,14631
2015,07,12,71841240,13836
2015,07,13,71853395,12155
2015,07,14,71867647,14252
2015,07,15,71886059,18412
2015,07,16,71902443,16384
2015,07,17,71913729,11286
2015,07,18,71925894,12165
2015,07,19,71936564,10670
2015,07,20,71946145,9581
2015,07,21,71956658,10513
2015,07,22,71970243,13585
2015,07,23,71987828,17585
2015,07,24,71999386,11558
2015,07,25,72006262,6876
2015,07,26,72013817,7555
2015,07,27,72024724,10907
2015,07,28,72036261,11537
2015,07,29,72047424,11163
2015,07,30,72062999,15575
2015,07,31,72072326,9327
2015,08,01,72085211,12885
2015,08,02,72094218,9007
2015,08,03,72105530,11312
2015,08,04,72117824,12294
2015,08,05,72126299,8475
2015,08,06,72139105,12806
2015,08,07,72146621,7516
2015,08,08,72155650,9029
2015,08,09,72166556,10906
2015,08,10,72194617,28061
2015,08,11,72209689,15072
2015,08,12,72239889,30200
2015,08,13,72283056,43167
2015,08,14,72302411,19355
2015,08,15,72316279,13868
2015,08,16,72324408,8129
2015,08,17,72331147,6739
2015,08,18,72340101,8954
2015,08,19,72340952,851
2015,08,20,72344287,3335
2015,08,21,72343016,-1271
2015,08,22,72348157,5141
2015,08,23,72344861,-3296
2015,08,24,72360223,15362
2015,08,25,72380945,20722
2015,08,26,72418762,37817
2015,08,27,72449730,30968
2015,08,28,72496385,46655
2015,08,29,72520109,23724
2015,08,30,72518674,-1435
2015,08,31,72534720,16046
2015,09,01,72536498,1778
2015,09,02,72537612,1114
2015,09,03,72537277,-335
2015,09,04,72539818,2541
2015,09,05,72546736,6918
2015,09,06,72543423,-3313
2015,09,07,72546014,2591
2015,09,08,72541700,-4314
2015,09,09,72546736,5036
2015,09,10,72551162,4426
2015,09,11,72556833,5671
2015,09,12,72563963,7130
2015,09,13,72562276,-1687
2015,09,14,72560595,-1681
2015,09,15,72566800,6205
2015,09,16,72571671,4871
2015,09,17,72569376,-2295
2015,09,18,72572732,3356
2015,09,19,72581448,8716
2015,09,20,72592448,11000
2015,09,21,72587154,-5294
2015,09,22,72590977,3823
2015,09,23,72606820,15843
2015,09,24,72607882,1062
2015,09,25,72620488,12606
2015,09,26,72630369,9881
2015,09,27,72640269,9900
2015,09,28,72649287,9018
2015,09,29,72659297,10010
2015,09,30,72669010,9713
2015,10,01,72678772,9762
2015,10,02,72688949,10177
2015,10,03,72701353,12404
2015,10,04,72713823,12470
2015,10,05,72747084,33261
2015,10,06,72758495,11411
2015,10,07,72769635,11140
2015,10,08,72784805,15170
2015,10,09,72793514,8709
2015,10,10,72805902,12388
2015,10,11,72818290,12388
2015,10,12,72828316,10026
2015,10,13,72842731,14415
2015,10,14,72856396,13665
2015,10,15,72870549,14153
2015,10,16,72884483,13934
2015,10,17,72899930,15447
2015,10,18,72911145,11215
2015,10,19,72921933,10788
2015,10,20,72933400,11467
2015,10,21,72947979,14579
2015,10,22,72964265,16286
2015,10,23,72982797,18532
2015,10,24,72999363,16566
2015,10,25,73015028,15665
2015,10,26,73029977,14949
2015,10,27,73031651,1674
2015,10,28,73046280,14629
2015,10,29,73059002,12722
2015,10,30,73071174,12172
2015,10,31,73082713,11539
2015,11,01,73098992,16279
2015,11,02,73107320,8328
2015,11,03,73117571,10251
2015,11,04,73125015,7444
2015,11,05,73133666,8651
2015,11,06,73143209,9543
2015,11,07,73154422,11213
2015,11,08,73165062,10640
2015,11,09,73175180,10118
2015,11,10,73183627,8447
2015,11,11,73191666,8039
2015,11,12,73201095,9429
2015,11,13,73211948,10853
2015,11,14,73223701,11753
2015,11,15,73237691,13990
2015,11,16,73248442,10751
2015,11,17,73256828,8386
2015,11,18,73263617,6789
2015,11,19,73270439,6822
2015,11,20,73277336,6897
2015,11,21,73288253,10917
2015,11,22,73298635,10382
2015,11,23,73308427,9792
2015,11,24,73317969,9542
