937
942
1281
968
1107
776
662
386
954
737
507
1014
639
686
643
643
656
699
726
1395
1198
777
717
1099
1623
684
760
743
-606
973
596
938
717
769
2529
-1141
874
579
709
700
707
700
728
659
651
1093
3805
-2552
1595
-298
730
721
835
730
741
800
-1251
2551
872
599
851
681
633
693
741
934
1032
690
685
668
832
588
663
550
641
525
10318
-8916
647
663
839
770
603
764
607
703
756
645
760
496
708
701
565
692
683
774
637
566
576
662
859
651
664
801
712
-142881
144245
636
667
737
685
810
781
759
684
718
772
771
813
771
781
722
670
632
836
736
741
934
765
710
763
628
725
875
598
736
763
725
817
790
656
667
822
793
878
831
772
836
900
648
893
291
300
1386
888
989
827
517
864
953
971
976
509
877
911
871
634
666
871
562
1140
702
832
923
691
1002
666
649
817
1196
590
835
665
849
746
862
860
1100
716
485
726
590
-705
2556
1354
519
17
967
554
939
-249
1146
599
1113
595
980
400
1563
1385
794
590
292
1409
528
969
626
758
688
668
888
916
1140
1072
1148
968
863
731
867
964
626
873
665
1009
756
966
962
978
1172
1200
979
2080
903
1133
898
1095
1302
1000
1329
1299
1267
1636
1387
1156
969
1394
1487
1209
2147
1508
-2130
4095
1055
1027
1422
1233
1182
1409
1701
1774
1352
1582
1497
1563
1682
1391
1504
1612
1376
1433
1067
1585
989
1430
2214
1707
1114
1746
1522
1487
2307
2269
1274
1627
-708
3557
2425
2071
-702
1512
2860
529
1815
1577
1838
1551
1709
1217
5038
1682
1518
1661
1522
1703
1434
1903
1260
1290
2280
857
1368
729
2573
1556
1984
1891
1526
1373
1336
2612
1415
1878
1711
1629
1172
1900
1847
1723
1792
1358
1589
1932
1807
1816
1934
1287
2101
1724
-471
1455
4234
1224
2184
1661
1869
2032
1618
1017
2099
288
1381
2100
2246
289
1680
1800
1780
2930
2024
1767
1756
1641
1684
1690
-2490
1725
1567
9653
-6345
1543
1388
8979
1631
1423
1559
1540
1652
1583
-5125
1600
1319
1165
1116
1302
-2625
1007
1330
1711
1749
2511
1278
1074
1957
1472
1116
1256
1174
1082
964
3516
908
977
916
941
1076
1176
946
1394
2075
3927
518
237
0
29409
31764
31777
53
1235
975
1332
1109
1280
4543
3013
0
5310
4896
5455
5714
5457
6066
6539
5639
12673
11540
14329
14133
12632
12370
2216
1429
1242
1374
1248
1377
12453
1480
10235
10284
10075
9570
7976
8044
8800
8387
8456
3934
2270
7808
7952
7880
6956
6154
2235
15576
6035
5576
5941
8963
9728
8829
10227
16010
8975
11171
13787
14674
15681
4354
4369
4819
4212
3757
4418
4412
4392
4836
2834
3225
4384
4696
5038
4621
4843
4351
3183
4651
4323
4095
4102
3892
3401
6216
19274
17706
10715
10419
8084
7701
5165
7591
6515
6138
5414
7300
5780
14826
15977
15151
13367
12696
13138
13535
14043
13482
13850
14051
16437
11556
6726
6021
6950
6839
6141
8563
8930
7963
7445
7153
7347
6975
5378
4831
4398
3205
5511
5187
5738
5707
6483
6516
6787
6418
5896
6095
5495
5646
5121
4565
4397
4625
4846
4370
4530
9030
7557
8168
12914
12492
13620
15030
5125
29291
8534
8362
7630
5437
5207
5112
4143
3615
2912
2894
4131
4699
5849
6152
5555
3986
3543
3321
2246
1968
6458
2158
2859
2454
2749
3862
1834
2010
2505
1856
2240
1217
1089
1474
1777
1444
1609
1911
2475
2148
1658
1522
1635
1717
1911
1693
1643
1803
1683
1451
1133
1201
1151
778
1175
1234
1319
1127
1372
1631
1351
1106
1025
1106
1156
2846
2032
445
998
551
578
301
359
1092
946
759
965
1092
1222
814
1369
891
1006
840
967
1154
609
982
618
812
1180
913
955
763
706
766
850
966
940
796
744
799
1021
1834
1633
970
809
766
983
1640
1130
969
645
484
1043
1263
2618
11761
7093
7985
5639
4435
4215
2524
242
168
87
233
278
-159
7
991
2508
2949
2110
1643
1639
1117
1094
1209
533
920
2659
1883
3281
2933
2500
2103
1878
1980
1805
1855
1844
2837
2961
4962
3191
3246
1028
3020
3530
2464
1625
2116
1688
1516
1337
1609
1242
639
862
930
1144
1481
1401
773
1031
968
1160
1109
2080
2848
3155
2648
2592
2371
2007
4248
5199
3124
2796
2536
1896
2081
2098
1918
1810
1719
2703
2106
1740
1829
2006
2016
1830
2700
1807
1612
1544
1531
1658
1538
2404
1642
1586
1489
1449
1207
1305
1428
1253
1066
1145
1281
1137
1274
1486
1249
1312
1270
1242
1085
1299
1380
1503
1180
973
958
1015
1016
1208
1138
1305
1141
1105
1070
1141
1395
1151
1022
1042
831
718
747
856
668
901
1062
888
907
929
950
932
4196
279
1743
1297
1512
1521
1413
1005
1155
1025
1111
1279
1045
925
882
972
1086
1116
2773
862
830
868
944
899
975
866
1021
928
857
1092
1213
1115
1025
1142
1183
1275
1113
1110
1191
928
1052
908
725
2210
558
699
828
792
598
534
599
439
575
606
1138
420
708
964
763
1309
1009
1367
1093
1412
1048
4965
1208
998
1499
1303
891
915
814
1127
1206
1070
733
925
1141
893
891
965
1334
2410
895
467
638
848
1119
1286
1159
1026
714
856
686
775
679
652
832
884
728
568
609
672
580
528
529
532
503
587
700
679
626
601
578
499
506
446
668
693
576
607
581
620
904
707
825
623
664
613
716
689
672
1006
973
1170
971
1043
1130
1187
964
981
1029
836
847
1021
1152
1250
1298
1384
2091
2005
2436
1814
2295
2593
2653
2519
2211
2000
1685
1540
1641
1698
3628
3722
3704
2926
2752
3632
5016
4732
4880
5450
5959
5811
5853
5189
5795
6252
4727
3885
2959
3334
3594
3793
3537
3620
3011
3324
3083
3670
3436
3210
4984
3857
4574
4562
4838
16709
11274
13262
17021
14962
10636
11865
14467
10558
5613
1589
6926
9224
9929
7202
6050
4323
3787
2960
3094
2745
2488
1435
1299
1683
1547
1697
1866
1148
1066
994
816
906
1262
1098
1036
1018
1060
945
901
903
934
1263
1248
1461
1360
1354
1373
1372
2384
1961
1719
1079
1302
1379
1171
1149
963
1269
1230
1309
1252
1118
995
996
1093
1013
1032
880
840
895
998
971
1103
1002
871
929
1087
875
985
1237
1351
1334
1315
1211
1122
1139
1126
1280
1616
1413
1205
1140
1302
1414
1112
1246
1145
1326
1211
1303
1134
998
1007
1337
1329
1374
1213
1514
1485
1368
1251
1316
1221
1399
1146
1460
1744
1440
1286
1213
1091
719
1199
1067
1154
197
1265
1280
1305
1324
1082
1213
1097
1257
1399
1306
1218
1294
1176
1206
1350
1389
1370
1342
1663
1606
1481
1371
1518
1555
1580
1564
1390
1600
1516
1599
1633
1428
1383
1499
1394
1388
1479
1791
1762
2010
1798
1424
1435
1506
1660
1640
1465
1333
809
888
1161
1067
781
1133
1089
459
1054
1159
1114
1108
488
1108
1072
1028
1036
1079
918
1065
1041
1059
877
978
901
1308
609
1123
982
994
1003
939
1066
762
688
668
645
622
-561
363
853
1163
935
1209
605
257
6930
961
8706
1052
582
1086
1056
349
766
1097
1118
1049
814
722
-286
206
15
1083
728
167
538
315
954
251
843
1004
1019
940
1032
1134
687
1085
1144
1201
1189
576
803
1302
1203
1125
1158
920
1258
1247
1236
1204
1165
1121
744
1378
1632
1661
1409
1475
1375
1654
1590
1695
1662
1597
1462
2041
1742
1654
1932
1752
1482
1682
2062
1435
1311
1269
1467
1498
1491
1455
1437
1525
1113
1343
1242
1229
1123
1304
1235
1158
1430
1337
1363
898
922
1177
1203
1290
1225
1079
1258
817
1033
1015
782
1145
1016
962
1057
1098
1281
1279
1477
1443
1408
1414
1206
1187
9315
1341
1487
1663
1556
1394
1524
1203
1395
1461
1260
1657
1745
1741
1965
1983
1711
1761
1705
1649
1117
1304
1300
1217
1410
1454
1335
1482
1334
1305
1456
974
916
776
1093
1318
1190
1237
1183
747
1054
1274
828
854
1088
1505
-455
743
3835
1190
871
1258
1240
1175
1295
1339
1118
1044
887
1133
1034
1161
954
940
1111
1266
777
925
799
1161
1285
1190
1112
1262
1136
1025
982
786
811
632
724
922
717
874
792
942
931
875
788
1010
1751
1537
992
1082
1080
680
783
782
911
811
760
550
562
772
782
819
834
737
835
769
571
802
754
845
733
626
869
902
761
803
665
732
1309
1012
982
504
2320
359
895
670
955
851
1118
926
910
980
474
903
1199
1381
1074
841
1791
1673
1609
1017
1412
1208
1118
1110
484
1144
1256
1284
1202
766
1248
1401
1321
1075
949
1154
1010
1282
1417
1307
898
999
972
955
925
1062
689
872
640
466
538
486
420
621
474
492
464
406
471
391
423
683
457
493
330
466
443
17108
1691
383
314
382
333
298
298
233
455
489
333
509
1254
722
643
631
520
525
171
1520
1671
1934
2658
1885
1931
1855
1679
2105
2101
1633
1814
1529
1204
1294
2142
2184
2026
2013
2068
2344
1778
2019
3435
1988
2142
2027
2030
1926
3400
2896
1983
1890
2227
2061
1752
1468
2024
1850
1749
1717
2171
1647
1772
1901
2127
2415
2045
1971
1831
2223
2360
2281
2803
2027
2243
1351
2113
1852
2001
1994
1958
1904
1835
1828
1633
1807
1854
1805
1957
1878
1914
1831
1913
1984
2096
1763
1710
1660
2565
2629
2202
2422
2310
2136
2375
2219
2620
2548
2209
2150
1989
2282
2275
2505
2571
2629
2360
2352
2295
2463
2732
1792
2402
2290
2412
2940
2899
2827
2259
3054
2976
3176
3105
2974
2956
3115
3142
3286
3525
3205
3040
3180
3631
3413
3472
3490
2982
3160
3499
3630
3371
3453
2889
3094
3328
588
3438
4098
4253
4139
4241
4859
4265
4834
4366
3924
4264
4170
3853
4029
4362
4051
3936
3447
3690
4029
4260
3632
4067
3597
3451
4281
3875
3071
2864
3236
3258
2916
2665
3124
3109
2604
2655
2953
2892
2820
2673
2590
2964
2664
2724
2745
2616
2924
3065
3084
2915
3049
2867
3321
2578
2873
3199
2015
2049
1738
1994
2201
2596
32310
32824
30564
34201
7111
3263
4372
5143
4702
4508
3513
3807
3182
3262
3241
3292
3082
2704
2716
3014
3047
2768
3000
2663
2744
2961
3170
3284
3868
3909
3805
3781
3747
3935
13762
16321
6309
4522
5109
5790
7047
5234
8885
7987
6614
7515
6957
7725
7639
7364
7151
7049
6488
6385
5989
4563
3206
4262
4369
4592
6193
10686
10114
9243
7967
8182
8568
6785
6898
7258
7597
6765
3953
3414
5806
5735
6719
6109
6882
5716
5337
5457
6409
4724
5877
6749
5433
5273
4589
4475
4098
4586
3954
3830
4826
3275
3278
4469
4195
4024
4130
5021
4357
3656
4426
5109
5092
4452
4303
4805
5464
5061
4267
4604
4595
4228
4750
3004
4609
5312
4754
4181
4301
4002
4054
4063
4122
4879
3488
3980
4144
4138
3970
3851
4278
3412
97
3041
3586
3006
2923
3418
3505
3765
3502
3733
3535
3534
2893
3396
3662
3693
3514
3833
3358
2968
3375
3639
4081
4857
2407
2723
2597
2206
2446
3204
3643
3743
3511
3619
3793
3791
3289
3588
3702
4131
3977
3475
4002
1992
4373
3898
4730
4094
3916
3638
3530
3820
3160
5273
4972
3687
3179
2865
4063
3317
4185
4262
4155
3988
3961
4142
4489
4228
3691
3765
3917
3789
1956
3750
3222
3325
3080
3532
4162
3830
3936
3760
3578
3299
3160
3444
3401
3254
2794
3443
3538
3241
2575
3331
3479
3078
3169
3116
3201
3302
2274
1157
3125
2647
3216
3175
3089
3831
3917
4422
4345
4143
2991
4357
940
4162
3152
3073
2652
3275
3104
2682
2463
2484
2338
3048
2595
2586
3183
2181
2857
2859
3012
1461
2504
2298
6124
6326
5013
6286
4078
3317
2388
3836
2921
2701
2839
2346
2058
1795
1743
2704
2561
2901
2563
2217
1801
1657
1809
1871
1942
1787
1268
1826
1745
1770
1519
1407
1517
1694
1750
1787
1288
1839
1919
1790
1884
1681
1866
1184
1829
1532
1498
1602
1308
1919
1670
1779
1197
1384
1352
986
793
1309
1253
1369
1193
1479
1463
1142
911
1027
1250
863
1160
1524
1492
1193
1731
1653
1392
17
-40
-237
-165
-347
-205
-261
73
-238
-379
-284
-54
-210
-486
-349
-468
-277
246
-12
162
23
127
85
-22
-282041
776
-9857
1177
1081
1110
810
1133
1339
1303
1133
736
727
752
856
874
1107
840
1168
847
671
836
993
707
198
633
587
617
727
765
860
858
892
642
852
478
792
978
1145
678
1009
564
1022
1101
1272
1020
1101
940
773
1041
1090
1227
1232
1078
1181
1192
1038
1090
1094
1126
906
55
713
1036
1570
1179
1349
954
1159
1064
621
547
764
802
693
764
592
625
721
844
897
846
379
398
1218
1048
1274
1027
900
1084
893
803
1518
1427
1078
1204
1118
1120
1176
1276
1143
1312
1148
791
901
759
810
840
919
738
510
843
709
949
844
700
828
799
1118
402
797
932
835
638
419
636
675
580
803
856
399
612
872
476
833
870
869
771
776
686
932
548
1406
2578
1000
1799
2133
1875
1254
1328
1139
1345
526
674
-2143
-801
1130
1311
3536
1532
2195
3459
843
1000
840
678
749
679
625
832
851
588
736
762
714
780
613
1079
930
1578
710
734
758
893
445
737
526
256
363
526
666
1015
114
923
620
689
481
741
881
477
732
921
1370
621
724
913
779
930
832
901
401
933
821
914
642
842
399
658
966
1056
858
662
413
557
584
348
576
582
669
612
466
908
796
594
471
577
425
392
443
449
700
517
366
470
